data.000:
3 4 2 1 
data.001:
5 18 4 10 2 7 6 1 20 19 16 11 14 12 15 8 9 13 17 3 
data.002:
13 1 5 11 7 9 2 12 8 4 20 16 15 6 17 3 18 19 10 14 
data.003:
12 7 5 18 20 9 17 6 1 11 16 14 8 19 3 10 2 4 13 15 
data.004:
5 1 7 10 2 15 11 12 19 3 17 8 20 16 6 14 4 9 13 18 
data.005:
2 16 6 14 11 4 13 17 15 9 7 18 19 20 1 10 8 12 3 5 
data.006:
15 9 19 10 12 18 4 7 1 6 16 13 11 17 8 5 3 14 20 2 
data.007:
6 8 3 20 11 12 4 19 17 7 9 2 13 5 18 15 16 1 14 10 
data.008:
8 19 7 13 16 20 18 15 5 14 4 10 9 11 3 2 17 1 6 12 
data.009:
6 1 18 17 20 11 9 3 19 14 12 2 8 13 5 7 10 16 15 4 
data.010:
8 3 6 2 14 10 13 1 18 4 17 20 16 19 12 7 15 11 5 9 
data.011:
8 13 10 19 20 14 15 12 7 11 5 6 9 4 1 3 17 2 18 16 
data.012:
10 5 2 16 1 7 11 14 3 15 8 17 19 20 12 6 18 13 4 9 
data.013:
11 16 13 12 14 10 2 20 15 8 6 9 5 18 17 1 7 3 19 4 
data.014:
16 2 14 7 12 10 1 3 6 15 4 17 9 13 20 19 18 5 11 8 
data.015:
7 19 15 1 12 6 2 20 8 13 18 5 9 10 14 4 11 3 17 16 
data.016:
14 19 6 4 5 17 7 3 2 13 1 9 10 8 15 11 12 16 20 18 
data.017:
2 14 12 13 18 9 20 8 1 5 16 17 15 6 3 11 10 7 19 4 
data.018:
9 18 11 12 6 2 14 13 16 15 1 3 19 5 8 20 4 7 17 10 
data.019:
19 15 2 7 10 18 4 17 5 20 13 1 3 16 9 8 6 12 11 14 
data.020:
10 8 7 1 18 20 15 13 2 4 9 11 17 5 16 19 6 3 14 12 
data.021:
13 11 2 12 9 8 20 16 14 15 10 6 17 7 1 18 4 5 3 19 
data.022:
16 14 10 4 3 7 6 1 11 20 12 15 18 2 17 19 13 5 8 9 
data.023:
5 10 15 9 16 13 18 11 19 1 3 12 17 7 14 6 20 4 8 2 
data.024:
7 15 19 1 9 20 10 6 8 2 18 12 5 17 4 3 13 14 11 16 
data.025:
1 2 3 17 10 5 15 12 20 8 11 19 6 16 13 7 9 4 14 18 
data.026:
12 10 7 15 5 9 17 19 18 6 3 8 20 1 16 4 2 13 11 14 
data.027:
18 1 2 8 16 20 19 5 3 12 7 9 11 6 13 10 15 17 14 4 
data.028:
10 14 3 19 11 17 7 20 8 4 12 5 18 13 2 6 1 16 9 15 
data.029:
18 2 11 10 20 17 12 14 9 6 15 3 4 16 1 5 13 19 7 8 
data.030:
12 18 1 19 15 10 17 5 4 14 6 20 8 9 2 16 11 3 7 13 
data.031:
45 29 27 14 25 28 34 15 21 9 2 43 5 47 8 22 4 26 33 11 1 16 32 13 6 7 44 42 49 18 48 23 41 20 35 12 19 31 17 46 40 39 50 30 38 37 24 10 3 36 
data.032:
26 48 24 35 25 27 46 41 19 30 40 13 12 32 22 39 9 1 16 45 17 43 44 20 31 2 4 7 28 29 37 21 11 5 14 8 34 3 47 18 10 23 33 15 6 42 38 36 50 49 
data.033:
50 47 38 43 42 9 44 40 13 32 20 24 29 33 4 11 45 10 5 46 3 7 31 34 48 41 25 17 19 28 1 35 30 2 6 16 18 26 21 14 23 37 12 39 49 36 15 27 22 8 
data.034:
8 48 10 33 5 17 29 11 45 20 1 47 38 7 24 39 3 35 14 25 36 19 34 21 16 32 41 4 13 18 27 40 9 26 46 50 6 37 23 43 49 12 22 31 44 2 15 28 42 30 
data.035:
47 2 14 11 23 22 15 1 26 43 35 6 37 12 8 16 41 31 4 17 21 40 49 5 39 28 38 25 34 24 20 18 13 45 32 36 30 10 33 29 19 48 46 44 42 3 7 9 27 50 
data.036:
17 45 23 7 13 18 49 2 15 37 6 10 14 44 38 26 3 30 34 19 35 43 39 42 20 8 16 46 11 36 24 48 9 32 50 27 12 29 5 40 41 25 22 47 28 33 1 21 31 4 
data.037:
33 31 35 11 44 29 48 3 46 9 6 17 32 12 10 26 2 39 23 24 7 30 4 21 50 14 18 36 49 20 45 1 43 37 15 13 40 41 42 38 22 34 47 5 8 16 25 19 28 27 
data.038:
44 45 48 29 28 12 16 3 19 11 46 41 39 24 32 6 42 37 25 43 18 20 31 9 1 33 5 8 26 15 22 10 27 50 14 49 30 36 21 13 4 47 17 2 34 7 23 38 35 40 
data.039:
33 19 25 48 30 23 20 2 5 15 49 21 38 35 44 36 26 41 6 22 42 34 37 11 31 32 27 39 47 7 40 18 43 16 45 9 28 1 3 50 24 4 10 46 8 12 29 13 14 17 
data.040:
5 14 38 47 17 46 40 24 4 9 10 11 16 49 2 35 15 7 41 3 13 28 26 42 37 18 39 45 8 48 43 27 31 36 22 29 34 1 19 33 12 20 30 21 25 44 23 6 32 50 
data.041:
9 15 23 5 40 11 17 50 3 38 46 45 16 4 28 2 13 47 43 10 36 29 21 14 6 12 41 25 35 31 8 34 7 19 49 20 32 26 22 48 1 18 33 37 39 30 24 44 42 27 
data.042:
8 16 39 21 19 36 20 4 6 34 29 12 37 41 2 32 43 27 13 40 30 5 15 25 18 45 31 9 17 26 47 38 14 44 50 10 11 23 28 33 49 7 35 1 46 24 22 3 42 48 
data.043:
13 42 38 47 43 44 20 29 50 40 34 33 41 1 48 6 9 35 7 17 2 5 30 23 32 21 18 26 3 31 45 25 10 11 46 14 4 28 19 36 37 22 39 15 16 12 24 27 8 49 
data.044:
47 15 43 12 26 14 4 35 2 32 38 11 1 41 21 6 23 49 30 25 36 16 40 50 48 24 28 22 17 39 34 31 3 8 45 27 37 18 7 13 46 33 29 19 10 5 44 42 9 20 
data.045:
38 47 24 5 17 37 41 4 19 28 14 18 49 16 13 40 22 3 27 15 11 26 35 7 8 20 46 32 9 29 21 2 43 44 45 39 12 36 23 10 30 48 31 42 1 34 33 50 25 6 
data.046:
36 46 2 48 29 13 30 14 22 8 6 18 1 43 50 4 25 9 47 10 49 17 21 27 39 20 33 34 32 16 19 26 7 12 37 40 35 11 31 42 41 38 15 28 44 5 24 23 3 45 
data.047:
5 19 14 50 47 39 24 43 4 25 8 29 35 37 16 9 10 28 7 1 11 30 32 45 12 44 42 3 15 49 22 38 2 20 46 31 13 23 34 21 36 48 18 40 17 33 27 6 26 41 
data.048:
10 18 50 16 42 2 37 33 49 46 12 23 47 19 24 6 45 3 30 4 8 22 9 25 44 1 48 27 35 29 26 5 38 43 7 36 20 14 15 34 11 41 40 17 32 31 39 13 21 28 
data.049:
3 11 17 4 48 41 16 18 8 14 46 2 23 24 35 43 39 34 12 27 22 21 32 37 36 42 19 31 28 10 6 9 20 26 40 1 44 47 5 49 15 7 13 38 50 45 30 25 29 33 
data.050:
35 25 31 18 3 26 5 20 1 32 16 11 46 48 36 22 50 6 7 47 43 30 24 17 34 33 13 29 42 40 28 44 9 8 23 39 12 4 45 27 37 2 38 10 49 15 41 14 21 19 
data.051:
23 16 1 42 18 7 6 25 48 4 47 35 32 10 34 46 22 30 38 3 33 31 39 19 41 26 5 17 14 24 21 2 50 29 15 36 49 9 28 11 20 40 13 8 44 45 43 27 12 37 
data.052:
15 12 28 37 2 44 1 10 13 29 21 24 45 5 27 50 26 11 18 4 48 9 35 14 22 47 3 16 23 36 43 17 42 6 25 41 39 38 46 30 7 20 40 19 34 33 31 49 8 32 
data.053:
32 42 48 43 20 50 29 5 44 47 13 34 38 40 46 9 33 17 35 45 22 41 2 30 37 18 27 26 3 6 7 1 12 25 10 8 31 11 19 15 16 23 39 28 14 21 36 4 49 24 
data.054:
33 6 29 10 31 22 26 35 17 49 2 32 46 16 3 12 41 18 15 43 28 27 50 24 39 11 9 45 30 20 48 21 42 40 5 4 37 7 25 44 8 13 34 23 38 36 14 47 19 1 
data.055:
8 18 38 14 10 41 22 12 39 3 27 50 21 6 29 2 44 45 34 1 33 17 30 9 32 16 42 36 24 15 19 40 13 20 47 48 49 26 4 43 46 7 28 37 5 35 31 25 23 11 
data.056:
10 30 28 20 40 32 45 46 36 50 43 23 16 48 44 25 34 11 8 1 31 22 18 19 42 7 21 37 41 2 33 4 39 15 13 27 49 35 38 29 5 17 9 24 47 26 12 14 3 6 
data.057:
49 50 3 28 19 7 14 31 34 24 22 29 20 27 36 6 46 25 11 1 48 37 41 44 2 12 32 17 8 38 30 40 45 13 47 10 33 9 5 16 42 21 15 23 18 35 4 43 26 39 
data.058:
17 24 35 10 40 46 49 41 3 27 25 11 14 5 18 20 16 21 26 36 13 48 9 47 4 29 38 8 34 43 15 30 31 7 12 44 45 28 19 6 2 1 42 37 32 50 22 23 39 33 
data.059:
49 36 33 13 26 40 24 19 17 2 42 48 7 8 6 25 28 46 18 4 34 10 16 22 32 21 41 23 38 5 12 1 30 47 11 9 50 3 39 37 27 43 45 20 31 14 35 15 29 44 
data.060:
47 9 44 27 24 50 13 45 37 25 17 26 31 34 36 29 21 28 5 40 23 46 19 42 7 32 3 30 22 2 6 4 15 35 12 43 16 20 1 18 39 48 14 8 10 33 49 11 41 38 
data.061:
100 70 41 81 73 43 9 25 91 22 44 67 37 57 63 86 75 11 2 31 48 52 27 94 18 45 78 17 42 49 51 90 36 89 6 38 69 97 15 62 3 4 54 8 13 74 96 53 98 95 99 14 85 21 39 40 32 26 28 47 64 87 16 92 76 5 79 34 35 58 88 29 33 80 83 82 7 23 72 24 65 12 61 30 59 46 56 66 1 20 68 71 77 60 93 55 50 19 84 10 
data.062:
4 44 49 2 74 30 11 21 84 87 18 64 62 22 41 55 71 35 13 36 91 3 32 38 72 27 95 23 73 63 96 50 48 81 78 85 89 12 94 1 7 47 82 6 24 14 51 59 9 57 70 67 28 54 42 56 90 97 29 34 66 26 40 93 37 61 100 75 19 17 8 68 52 86 80 25 43 58 92 39 10 31 20 60 45 76 5 53 98 99 65 77 46 15 16 33 88 83 79 69 
data.063:
84 87 72 63 3 4 29 20 66 15 81 78 47 50 27 35 73 83 49 37 74 46 80 24 54 69 93 33 62 79 52 98 99 56 76 92 8 91 67 75 19 85 95 86 22 34 7 53 5 59 21 100 45 9 18 40 48 64 70 71 6 16 30 44 14 25 26 31 32 36 61 65 58 39 57 96 90 88 12 97 77 2 82 10 1 89 51 11 41 17 23 94 43 42 68 13 38 60 28 55 
data.064:
53 29 24 30 87 48 41 74 100 15 68 34 6 12 8 47 36 39 86 90 75 19 92 99 44 13 5 25 72 11 2 3 1 27 94 4 62 84 97 69 26 40 10 76 50 33 63 98 60 91 7 35 64 32 71 17 58 54 31 61 73 70 89 46 42 22 77 81 43 88 83 9 18 82 14 66 95 79 49 23 28 78 20 93 52 65 59 80 56 67 85 45 55 38 37 57 16 51 21 96 
data.065:
45 42 9 31 14 65 49 43 80 6 34 32 89 36 59 62 15 23 38 40 48 13 81 35 26 71 3 19 54 69 25 85 55 46 96 60 27 30 7 73 90 93 20 53 95 66 67 84 100 99 92 61 56 70 76 44 21 47 52 29 4 8 88 17 91 37 64 75 83 39 63 78 86 5 22 97 18 82 94 33 28 51 16 10 58 41 57 87 11 79 50 68 12 77 24 98 2 72 74 1 
data.066:
84 41 60 66 43 63 62 35 13 11 52 10 89 93 82 25 64 75 59 24 74 48 28 30 55 38 87 15 45 18 40 22 17 12 46 33 58 81 16 79 23 96 9 100 71 5 68 67 97 7 14 34 44 98 31 50 76 88 78 42 32 94 99 85 19 37 77 2 20 3 27 80 91 26 6 56 65 36 86 73 53 72 8 49 39 21 92 90 47 70 69 61 95 51 83 1 57 54 29 4 
data.067:
88 25 23 52 34 56 65 74 37 39 31 51 59 26 36 83 47 84 48 86 87 95 33 60 63 43 93 30 73 41 90 57 78 54 82 17 44 58 9 94 70 97 10 72 1 53 61 68 18 49 29 21 42 69 46 4 67 92 8 11 32 99 3 38 24 85 81 19 45 27 76 100 66 14 40 91 12 77 16 96 7 64 80 15 75 98 62 5 71 22 89 2 50 20 13 55 35 6 79 28 
data.068:
63 38 81 10 4 28 94 60 23 57 71 58 37 50 11 78 88 77 51 24 93 89 39 92 33 20 62 3 44 68 54 13 18 16 61 69 48 79 84 99 43 66 31 96 59 19 47 100 32 34 49 65 7 72 85 70 5 55 46 9 12 45 75 73 67 80 17 76 83 52 27 91 64 35 22 41 21 14 1 25 2 74 86 8 26 36 30 15 97 87 82 29 90 95 40 53 6 56 98 42 
data.069:
91 26 77 62 64 76 25 7 3 37 89 14 30 88 41 94 13 67 74 31 71 87 20 46 23 33 42 99 27 12 86 98 96 38 22 15 45 35 65 36 50 79 66 52 5 92 34 82 81 18 85 93 11 55 61 78 8 32 2 16 51 100 95 68 73 75 69 56 10 53 80 28 49 39 59 54 83 19 1 97 90 6 58 44 57 84 63 43 17 9 21 40 29 60 48 4 24 72 47 70 
data.070:
86 3 30 89 52 78 77 96 59 14 21 6 36 40 17 71 39 82 48 63 34 43 5 8 72 97 64 41 84 45 25 73 13 56 99 93 33 19 95 80 53 85 79 57 22 60 16 76 67 94 66 24 81 49 15 61 1 28 38 87 54 11 44 42 91 98 23 32 7 69 90 9 68 58 51 18 31 12 10 29 88 4 83 35 55 92 100 50 37 26 65 70 47 46 75 27 20 74 62 2 
data.071:
22 1 23 66 68 6 92 57 32 97 10 76 4 46 73 71 16 85 55 25 41 80 14 48 75 67 98 3 8 34 90 9 94 86 7 42 19 65 11 54 88 18 84 35 79 33 81 39 20 51 95 24 38 89 78 83 47 56 31 2 60 96 50 62 82 49 30 100 53 69 52 13 74 99 91 17 63 29 93 87 5 64 28 15 27 26 36 21 70 43 59 61 77 40 72 45 58 44 37 12 
data.072:
48 93 96 92 94 29 52 45 82 100 22 32 70 30 41 88 5 42 90 97 67 59 19 84 20 35 37 33 1 13 55 63 53 58 14 83 18 57 25 34 47 62 50 9 27 40 85 26 38 56 98 17 60 76 6 77 78 79 61 31 71 15 16 81 89 68 74 65 73 10 11 66 23 44 87 7 3 43 12 39 75 91 54 72 95 51 49 36 86 8 28 4 80 46 2 21 69 99 64 24 
data.073:
71 33 47 68 60 43 100 10 19 8 79 31 36 49 1 7 75 69 3 35 53 30 84 11 85 62 67 82 2 26 70 59 86 14 52 95 37 50 93 46 90 78 13 98 17 48 32 80 77 9 97 44 76 22 40 72 15 18 88 28 20 27 63 89 65 91 41 54 73 87 51 38 5 66 34 23 4 24 16 81 83 64 99 61 6 92 56 96 55 25 29 21 58 74 45 42 57 12 94 39 
data.074:
4 45 91 73 57 25 48 66 36 88 54 27 51 9 18 34 71 87 21 84 96 16 82 1 86 49 100 44 67 50 99 20 10 70 17 37 31 43 92 8 11 47 78 93 42 59 69 29 53 3 40 52 75 41 13 58 74 94 89 6 60 26 35 72 79 22 15 33 63 30 65 14 68 80 38 19 28 23 83 98 64 97 32 5 12 7 55 81 56 62 2 39 76 90 61 77 46 95 85 24 
data.075:
61 27 4 41 54 96 68 89 58 12 16 10 39 23 85 60 34 15 8 69 73 71 17 77 35 67 6 64 37 43 86 3 97 59 92 40 74 30 49 72 81 1 53 18 70 2 24 56 98 21 11 84 44 7 57 42 45 94 14 29 32 13 48 5 47 87 63 38 28 62 25 9 36 93 99 75 82 76 22 26 51 90 55 88 52 66 20 80 91 31 19 78 46 50 100 65 83 79 95 33 
data.076:
17 89 27 73 61 62 1 51 69 31 11 93 16 91 84 83 88 85 2 13 80 71 55 87 81 35 30 50 21 10 56 94 23 14 49 63 66 68 29 100 52 82 99 26 48 98 37 33 25 74 97 96 60 15 12 90 72 54 67 70 34 58 75 42 95 7 8 41 32 39 53 44 64 36 22 43 4 6 76 77 92 5 86 46 59 47 28 79 65 40 57 3 24 18 78 19 20 38 9 45 
data.077:
36 78 60 82 30 51 90 20 95 98 75 72 2 10 57 93 46 84 100 63 61 26 73 58 96 94 19 70 17 66 50 16 37 85 23 80 31 77 18 44 92 89 43 40 21 15 45 91 71 42 8 68 4 28 81 11 41 34 33 49 9 83 29 69 32 55 3 97 38 48 87 74 54 25 62 88 64 99 65 6 7 39 5 79 24 22 59 86 47 27 52 1 35 12 13 56 14 67 53 76 
data.078:
60 42 82 58 95 52 51 62 43 49 64 32 8 29 26 37 88 18 4 75 27 16 46 22 44 54 74 1 2 30 6 35 25 24 23 87 57 13 68 45 7 50 84 36 99 9 21 71 91 5 79 89 61 92 83 85 20 69 19 15 100 97 28 93 86 78 65 72 80 38 55 98 53 77 76 40 81 33 56 12 39 3 17 90 66 94 31 47 11 10 67 34 59 73 63 14 70 41 48 96 
data.079:
13 22 14 28 63 35 78 93 71 50 82 39 89 69 16 8 32 41 30 7 55 12 47 88 72 58 45 59 27 100 31 56 61 70 20 40 51 77 15 81 25 26 79 76 44 10 5 33 57 86 37 90 94 52 11 97 17 24 80 29 42 66 68 85 83 1 96 49 84 4 74 48 65 2 62 34 67 6 60 23 99 3 53 75 18 36 38 87 98 21 19 73 9 54 95 43 92 46 64 91 
data.080:
43 51 45 39 12 90 65 93 61 60 33 83 59 11 26 58 35 85 49 98 46 53 96 1 23 67 95 37 41 25 44 50 80 5 13 70 4 36 18 86 27 38 3 30 91 77 22 92 28 31 74 76 47 64 79 24 55 42 56 69 20 29 94 40 72 7 21 88 15 19 54 62 10 32 2 16 78 99 6 87 8 17 89 66 9 100 73 63 68 81 52 14 48 82 75 71 97 57 34 84 
data.081:
10 33 96 48 29 100 91 15 6 26 63 67 64 45 52 81 56 23 70 35 22 99 16 17 42 93 95 2 21 79 27 34 28 87 49 39 18 76 62 53 3 55 20 66 43 85 83 24 61 68 86 9 12 32 30 7 88 72 31 57 5 37 60 19 94 46 41 90 77 73 4 71 65 80 75 58 92 44 14 13 50 51 78 97 82 54 36 40 74 84 98 11 38 89 47 25 69 59 8 1 
data.082:
71 7 8 33 60 67 11 78 93 1 85 68 77 21 86 19 88 47 10 30 31 3 18 53 17 41 37 36 2 28 84 20 62 51 22 70 79 73 56 52 74 35 44 100 43 26 32 75 40 48 80 90 72 13 9 38 83 23 82 16 63 27 46 34 49 54 24 89 4 94 98 91 15 69 81 96 61 65 87 64 97 25 55 39 76 12 14 59 50 92 95 58 57 99 5 45 6 42 29 66 
data.083:
6 35 57 72 5 68 26 36 98 47 25 50 88 89 13 73 33 70 7 17 1 34 85 58 3 46 81 52 27 84 51 29 39 77 76 16 44 53 69 61 43 66 12 32 59 31 93 24 48 67 20 22 78 4 79 49 55 8 54 71 15 80 18 9 94 86 100 30 23 60 63 40 62 2 42 87 75 56 99 82 10 11 97 19 38 91 37 96 14 21 28 41 64 74 65 45 90 92 95 83 
data.084:
13 70 16 76 8 95 19 31 71 54 32 22 47 55 86 78 28 81 50 4 42 74 85 38 87 56 30 99 59 77 11 46 63 93 88 58 69 75 7 72 66 1 24 10 100 15 41 61 26 20 98 9 45 62 68 91 6 14 23 79 83 43 34 39 96 64 94 25 17 92 35 52 51 27 18 37 21 12 60 67 97 82 84 48 44 90 29 49 2 3 73 40 65 5 89 53 57 33 36 80 
data.085:
88 29 46 92 1 82 53 35 6 41 40 57 69 89 65 4 66 28 21 70 3 31 16 84 48 24 76 94 56 100 45 85 50 42 26 64 90 2 80 95 96 81 11 17 97 8 34 20 58 60 74 7 87 37 63 23 55 68 14 32 52 86 79 19 99 93 27 54 9 22 61 73 38 43 77 44 59 18 72 13 39 25 12 83 67 5 62 75 10 71 30 36 47 78 15 49 98 91 33 51 
data.086:
81 74 17 52 95 10 14 8 75 49 34 99 64 70 46 40 16 68 97 9 91 55 6 28 77 57 26 20 62 25 3 94 67 36 61 69 98 71 85 65 22 66 11 53 60 78 27 50 48 37 80 84 19 7 5 41 88 56 82 93 1 21 63 86 47 54 89 51 30 29 92 38 76 79 13 4 59 87 39 58 33 73 35 2 24 44 43 90 100 42 23 45 96 15 18 32 12 83 72 31 
data.087:
8 97 89 48 61 10 90 6 74 63 34 31 73 29 55 87 42 67 11 58 16 82 39 7 54 4 12 36 47 98 56 17 77 40 18 45 23 32 21 70 72 59 99 43 84 51 46 65 37 100 13 9 14 53 92 79 71 2 91 24 69 5 20 26 38 30 94 15 1 66 68 35 60 19 3 52 44 49 85 64 93 81 33 62 22 57 41 88 76 28 78 83 96 86 80 25 27 50 95 75 
data.088:
80 44 57 93 85 81 36 83 51 65 14 58 67 53 11 75 40 76 37 7 91 77 27 89 38 84 45 94 82 95 35 23 56 52 78 61 98 88 25 17 66 29 64 72 54 24 74 68 49 60 19 41 63 33 69 42 59 47 62 10 55 48 1 20 18 71 73 12 31 96 9 30 86 2 34 100 50 15 90 87 6 8 32 43 28 39 79 13 46 4 3 26 97 5 22 21 99 16 70 92 
data.089:
39 32 69 25 12 18 86 31 100 87 14 30 73 94 57 85 72 97 11 61 82 65 33 79 59 48 8 56 93 83 53 96 20 41 99 23 52 38 70 62 46 28 26 21 91 67 1 13 6 27 77 92 29 37 78 43 36 60 81 51 4 16 84 40 50 15 9 10 80 89 95 68 45 98 63 88 90 47 76 3 17 34 5 54 74 19 64 22 58 71 42 35 2 24 75 55 7 44 49 66 
data.090:
37 87 86 40 98 4 92 29 97 10 69 9 26 60 25 5 22 61 84 99 12 3 14 51 33 36 74 19 50 68 32 56 13 59 62 95 6 94 71 54 96 72 78 49 47 80 79 63 52 7 58 88 76 82 34 24 27 70 2 45 31 81 41 65 83 8 16 42 35 43 77 15 75 89 23 1 30 55 91 38 100 21 67 39 18 20 90 64 66 44 57 85 73 17 46 53 28 48 11 93 
data.091:
131 119 62 108 185 153 128 56 143 116 112 32 115 126 11 105 5 121 7 58 181 166 145 144 40 48 88 122 13 177 174 12 44 10 179 189 70 20 196 26 31 192 86 141 154 35 54 171 72 51 38 138 193 114 74 101 102 95 187 46 184 107 79 89 2 118 117 18 24 106 17 9 19 59 84 130 199 175 4 53 8 25 42 97 22 80 132 194 63 139 55 82 92 21 75 200 50 27 64 14 120 83 111 66 165 123 164 41 186 135 198 68 104 162 134 150 158 69 96 16 100 172 91 157 163 183 161 169 37 43 170 85 159 155 140 191 142 36 76 127 151 93 147 195 173 149 45 52 180 67 178 103 146 57 182 77 87 47 60 113 137 190 197 136 90 152 167 176 110 71 109 129 6 30 78 124 81 125 168 39 49 98 1 33 160 23 99 156 3 65 34 28 15 61 29 94 188 73 133 148 
data.092:
43 176 72 153 120 154 169 95 151 193 66 80 85 35 3 168 179 159 160 41 102 199 197 162 173 108 113 6 16 83 89 90 12 106 51 4 56 110 191 172 129 123 180 134 59 116 184 81 38 52 185 46 171 28 39 79 87 124 163 165 167 152 78 146 53 71 84 147 198 138 132 49 36 1 75 99 195 118 67 135 18 32 2 131 30 58 26 82 192 76 103 121 178 128 24 122 196 23 125 54 194 190 175 34 149 91 136 189 37 126 50 105 111 142 157 5 48 156 60 40 20 17 74 21 11 29 114 92 14 101 144 115 200 141 145 7 70 86 119 93 77 117 164 19 73 98 127 137 174 139 140 107 158 186 64 47 68 65 148 33 143 55 155 133 69 177 63 188 13 187 94 22 44 9 182 25 61 15 45 100 104 88 112 161 181 97 109 57 62 170 150 130 183 8 166 10 96 27 42 31 
data.093:
127 11 107 109 130 137 144 65 193 40 158 122 45 30 56 79 167 117 105 80 156 165 152 6 75 162 55 149 112 138 71 76 31 17 47 168 143 67 74 171 12 87 106 200 111 114 169 124 197 145 35 5 16 48 196 54 63 120 70 172 194 164 90 163 116 155 139 81 185 188 179 161 110 151 182 195 53 34 7 136 132 38 23 142 113 19 131 118 46 160 77 177 26 10 41 190 99 181 22 123 170 9 27 148 37 86 73 58 13 94 199 59 64 192 175 178 146 28 93 101 14 68 42 108 72 21 103 174 66 61 60 115 29 85 96 121 104 3 141 82 189 153 140 176 183 191 150 88 128 102 100 184 33 43 78 186 57 173 129 147 69 98 62 50 1 8 49 159 180 24 4 20 36 125 134 18 126 157 166 25 187 51 15 89 198 135 91 154 119 44 32 39 92 84 133 2 83 95 52 97 
data.094:
49 172 31 109 152 114 46 129 175 148 154 141 85 171 52 89 48 169 167 1 164 53 60 72 73 110 77 84 101 95 127 93 6 40 22 138 100 177 166 63 186 140 28 12 34 65 83 70 193 51 139 156 16 68 121 113 122 157 123 162 4 94 54 117 45 78 79 183 135 143 66 18 104 182 112 37 181 57 14 9 88 42 179 19 21 150 20 2 27 35 39 41 97 191 29 149 98 174 197 5 200 102 184 8 7 155 33 75 44 118 3 26 146 195 47 198 82 176 124 67 159 168 86 185 180 58 170 116 119 151 15 190 43 108 74 106 107 132 165 62 59 163 125 126 69 87 96 30 142 194 55 23 80 81 24 130 133 92 61 137 178 105 36 38 13 32 115 103 145 188 64 71 161 128 25 91 10 134 120 111 144 189 199 99 153 173 11 192 50 76 136 17 56 187 131 158 147 90 196 160 
data.095:
162 9 142 53 129 134 88 19 34 199 158 47 133 24 145 167 78 137 116 190 39 75 62 112 77 41 23 49 119 56 104 170 121 169 113 197 27 45 69 177 187 15 83 156 10 20 66 141 36 152 173 115 1 87 44 100 176 5 21 59 102 122 85 13 81 71 138 31 118 28 148 43 183 196 76 179 97 82 160 25 139 16 42 107 130 6 68 143 155 159 8 48 114 166 136 50 94 99 140 153 163 7 151 54 38 171 37 95 175 17 18 126 150 110 182 120 168 109 178 93 147 4 84 185 80 135 180 26 65 52 128 127 157 98 103 111 200 40 91 164 61 106 161 3 67 79 154 146 132 70 117 60 96 57 2 14 72 30 123 195 194 22 92 191 46 12 55 86 125 193 11 33 73 184 189 108 192 29 64 90 131 35 144 58 181 63 172 51 149 165 32 89 186 198 74 101 188 105 124 174 
data.096:
194 188 86 113 24 5 31 105 124 19 139 7 4 45 81 96 117 97 121 171 123 163 27 56 58 119 33 154 32 189 150 140 177 191 144 15 83 196 35 193 161 84 175 129 38 169 22 50 75 16 130 88 104 48 120 200 1 30 59 151 74 165 182 149 2 17 166 125 116 64 66 110 65 101 199 80 185 186 162 157 54 3 21 70 148 6 44 90 192 42 46 133 136 137 142 184 82 20 92 170 106 93 156 128 76 160 179 146 159 127 43 155 8 111 25 41 122 14 145 12 168 49 141 107 118 98 79 87 108 34 62 61 152 180 94 99 77 63 91 167 10 176 112 173 109 114 67 60 164 190 172 187 53 95 174 51 103 132 26 72 153 11 197 40 73 18 47 55 198 29 71 57 78 102 138 39 115 28 135 23 37 68 181 158 131 126 134 69 183 52 100 36 195 143 89 178 13 9 85 147 
data.097:
64 146 55 59 124 125 69 21 171 82 137 172 48 1 128 118 68 134 164 174 84 189 44 188 166 175 43 81 138 92 130 200 96 186 74 103 183 32 99 129 106 152 157 79 113 8 54 30 67 158 72 2 190 193 121 7 176 24 110 120 150 9 70 199 12 136 65 66 37 153 133 87 140 3 102 156 5 142 19 185 47 131 89 27 33 148 53 51 162 163 144 178 49 122 10 17 109 4 160 16 95 161 180 127 86 45 77 28 197 181 132 29 195 14 61 50 76 40 62 105 58 104 192 90 111 91 184 13 155 20 108 22 167 34 100 149 116 119 6 75 78 93 38 114 154 143 101 31 194 42 60 187 85 41 173 115 94 169 112 52 83 170 57 107 18 36 11 35 182 46 88 139 117 179 23 141 177 159 196 39 168 80 26 123 191 151 25 145 147 63 98 73 165 56 126 71 97 15 198 135 
data.098:
78 140 157 15 113 136 142 42 124 123 164 41 127 77 158 104 172 138 196 161 39 187 3 17 32 171 6 133 81 40 53 115 63 107 160 86 149 27 71 126 64 52 54 193 5 59 30 117 130 13 56 21 121 35 95 88 14 110 61 174 57 162 200 33 173 198 159 146 100 20 31 69 147 186 199 51 144 89 36 99 37 98 145 139 80 22 194 109 44 91 134 155 195 178 79 7 122 177 175 9 12 97 132 169 94 102 120 116 55 119 129 45 96 183 26 48 190 128 137 188 135 103 148 189 11 111 92 191 60 8 50 29 62 83 163 184 70 72 150 49 192 141 106 182 197 16 67 25 125 151 47 28 118 24 170 68 101 166 66 18 46 165 131 179 10 85 176 65 74 90 4 93 167 34 2 73 156 75 143 168 19 154 108 76 84 43 152 38 180 181 23 58 185 112 82 1 105 87 114 153 
data.099:
14 120 139 153 63 1 52 173 190 27 102 7 38 75 87 114 66 150 117 47 183 10 23 166 147 108 193 50 182 6 131 99 41 134 2 90 32 33 130 160 89 95 92 123 143 43 109 51 85 93 13 81 82 68 79 167 101 152 48 29 16 61 80 104 159 9 8 36 103 185 197 25 94 135 148 86 77 136 140 34 84 105 171 113 31 96 59 164 17 172 72 161 45 116 67 115 122 133 142 194 162 37 64 137 107 129 169 53 54 4 60 5 69 124 74 168 198 128 70 146 179 21 112 35 175 138 170 11 57 132 196 15 106 163 200 111 186 121 154 83 44 181 12 24 46 110 192 145 28 100 58 188 19 49 73 189 177 88 56 180 191 184 195 55 176 22 62 119 151 76 178 157 118 149 199 40 26 71 156 158 91 30 144 65 3 174 125 126 187 141 39 78 18 127 20 98 165 42 97 155 
data.100:
56 118 160 17 59 30 13 159 144 137 78 61 72 129 26 113 44 34 114 49 183 16 99 36 191 102 42 100 146 189 115 27 84 75 15 91 70 35 120 125 150 48 55 173 82 93 110 163 171 45 92 200 124 192 67 20 21 33 122 90 71 162 18 4 156 22 134 6 54 133 112 117 41 169 190 37 107 175 128 95 181 29 185 187 96 11 151 8 105 170 193 167 154 77 136 178 50 57 80 58 141 195 88 98 158 161 116 7 32 68 47 153 198 145 165 179 9 53 38 23 40 79 81 19 63 142 180 3 126 186 166 62 152 51 106 5 25 97 10 86 131 109 119 172 2 155 194 31 64 101 46 24 164 197 132 66 130 1 28 43 157 174 176 199 69 196 127 87 121 94 147 52 74 182 89 139 104 135 111 83 108 168 39 188 103 65 14 60 73 138 76 12 143 149 123 140 85 184 148 177 
data.101:
70 157 129 189 98 35 161 139 173 127 72 134 168 106 149 135 85 34 169 1 104 58 4 52 6 105 16 37 51 172 184 156 158 187 186 27 54 143 81 84 7 71 148 13 153 47 53 110 164 15 132 188 147 12 18 108 57 48 176 31 101 67 103 113 68 116 25 59 125 36 3 26 171 80 136 100 150 2 102 39 197 141 32 122 133 160 5 117 130 181 24 96 123 146 112 196 40 73 111 119 120 30 69 74 154 124 28 177 41 144 118 17 50 22 77 8 191 63 155 46 38 79 44 126 167 175 199 61 178 115 194 66 93 11 55 90 10 99 192 180 9 88 198 159 114 182 121 89 142 14 78 86 131 179 45 107 60 94 20 174 185 49 62 23 165 42 29 33 140 75 43 56 87 170 76 166 138 162 91 92 190 195 128 163 82 151 21 97 145 183 193 200 152 64 65 109 137 19 95 83 
data.102:
116 195 185 187 122 104 158 108 66 28 199 71 107 76 176 14 192 188 113 148 178 1 55 170 6 16 161 10 30 115 51 62 8 139 174 193 109 183 121 42 186 137 99 54 82 100 59 72 45 31 41 181 150 79 128 147 38 23 40 189 198 196 27 110 141 95 85 39 138 169 142 126 47 171 46 134 163 63 61 156 33 75 175 13 19 32 105 65 112 194 64 167 153 190 125 15 154 17 120 49 130 162 111 20 70 84 68 77 88 131 81 146 144 80 127 177 12 34 159 155 93 94 7 24 172 123 83 58 124 145 200 4 52 35 98 101 157 117 103 5 182 29 9 165 25 92 2 143 96 22 50 11 90 166 106 119 191 173 102 135 114 179 91 87 36 69 118 86 197 73 133 78 43 74 26 21 129 60 132 18 48 180 37 184 44 152 67 56 149 97 164 140 168 3 151 160 53 57 136 89 
data.103:
150 92 3 56 74 75 172 39 154 60 169 164 104 175 98 197 63 99 41 84 38 115 18 24 10 83 149 66 174 138 54 45 190 25 47 191 1 148 151 158 130 166 78 136 117 94 102 68 28 93 118 32 80 153 31 183 2 69 21 55 57 22 71 122 140 17 112 77 176 49 37 51 12 141 101 85 157 65 16 76 19 113 155 33 160 165 171 181 161 70 82 129 36 162 199 186 8 163 135 108 50 87 170 152 200 67 184 23 126 193 86 89 196 5 62 7 14 43 198 119 91 156 73 192 58 188 142 13 27 40 123 144 106 145 189 121 97 114 134 53 81 194 125 34 64 182 146 20 61 105 72 124 42 133 195 187 128 185 90 167 178 11 107 147 96 26 110 120 139 9 159 116 29 109 59 131 100 168 46 180 79 35 111 15 6 143 4 48 44 52 132 88 103 137 177 173 95 30 127 179 
data.104:
121 119 131 25 117 79 116 5 108 32 144 181 187 76 161 58 102 56 128 113 193 127 143 13 80 9 192 11 86 185 53 46 89 31 63 62 135 153 174 200 72 51 95 59 171 10 70 140 107 74 172 159 112 157 35 75 90 190 106 50 122 145 184 189 179 118 48 100 126 196 163 44 54 169 69 92 170 176 197 2 115 198 17 37 22 134 103 150 186 40 7 38 173 52 182 178 94 67 132 27 154 167 97 164 166 141 83 130 158 105 42 146 162 155 81 151 142 24 34 101 110 114 64 88 194 96 91 82 156 68 104 139 12 149 41 65 175 195 18 147 23 14 87 19 26 55 120 98 125 36 199 85 45 177 30 93 20 191 71 84 21 183 6 124 57 152 60 165 123 28 138 77 8 4 29 136 39 180 99 15 47 109 129 16 33 1 73 168 61 111 148 188 78 160 66 49 133 137 43 3 
data.105:
109 179 143 161 188 88 146 170 152 78 12 197 189 123 79 182 91 151 183 90 20 184 28 57 35 89 155 136 111 15 65 126 96 82 49 164 64 147 48 120 14 84 167 192 104 4 119 42 36 58 80 21 59 200 166 16 69 44 125 190 108 73 94 116 54 87 198 43 13 157 72 118 180 51 25 63 60 145 113 62 142 150 122 47 130 139 74 135 7 103 106 131 75 115 10 133 9 61 174 46 17 41 177 129 191 117 53 8 66 149 22 19 140 102 187 77 18 3 132 138 172 29 121 165 99 178 30 23 173 34 40 127 52 71 114 124 153 186 2 81 176 1 76 110 97 33 68 194 56 160 169 67 38 154 32 159 85 195 100 11 199 93 181 163 156 101 37 26 24 137 148 196 171 105 134 168 95 107 158 55 6 144 185 92 175 5 31 98 141 45 86 193 50 128 83 39 27 70 162 112 
data.106:
166 161 8 124 174 120 114 133 46 63 100 91 28 143 188 111 66 36 73 132 25 69 24 7 105 189 130 173 48 135 65 41 136 26 57 199 106 153 113 146 193 70 47 167 147 10 169 6 43 177 13 131 159 165 56 155 186 30 108 125 50 172 115 154 14 118 79 144 171 55 112 138 83 196 19 200 49 183 89 156 179 40 94 137 18 185 2 129 149 67 110 59 51 22 74 162 5 37 181 102 4 80 85 164 21 20 103 140 168 3 197 116 12 123 16 62 87 175 77 58 194 29 68 82 95 35 192 31 34 109 15 32 45 122 38 71 97 52 104 151 72 127 182 126 64 198 53 90 180 128 191 139 54 117 107 148 27 84 88 75 17 96 184 163 61 23 33 141 42 93 44 157 92 9 119 81 86 190 158 39 178 176 60 101 145 99 187 170 195 160 76 142 78 121 11 1 152 150 134 98 
data.107:
107 180 144 24 145 191 93 172 61 81 20 95 57 58 177 157 55 185 183 60 198 39 53 129 197 118 51 136 33 82 8 127 114 128 178 133 148 52 167 171 37 73 78 176 38 84 56 135 32 36 85 62 79 195 11 169 7 88 42 111 112 54 139 4 151 83 160 141 152 80 150 75 194 184 25 31 90 76 94 153 188 1 130 17 67 102 158 123 125 87 21 40 143 154 193 15 19 44 69 165 96 181 72 162 89 100 113 5 49 134 35 101 91 41 156 74 71 14 187 166 77 119 110 16 174 47 179 105 27 155 70 6 63 3 64 138 68 92 149 159 23 142 163 164 106 9 65 121 45 98 182 50 147 13 104 34 186 26 122 117 103 170 140 115 46 66 132 97 189 161 86 22 124 173 196 12 48 59 175 30 10 131 108 146 18 29 137 126 199 168 43 190 116 99 28 192 2 109 120 200 
data.108:
181 166 84 15 41 100 158 34 195 13 142 56 118 107 77 185 59 88 92 159 169 149 188 134 101 140 49 135 85 174 87 129 103 72 86 113 12 177 153 17 8 147 117 183 40 96 180 148 139 187 161 98 163 110 21 57 79 120 165 89 182 173 189 75 23 116 131 162 138 145 102 2 7 43 46 60 154 133 18 130 82 124 19 55 42 24 62 68 155 81 123 164 78 93 45 37 91 3 38 47 197 170 186 53 74 172 157 167 184 63 66 99 35 44 64 194 26 20 178 141 171 175 80 73 198 71 95 83 132 190 14 121 176 112 48 146 28 191 105 50 33 137 90 126 6 144 30 108 168 97 125 200 67 111 179 76 106 143 58 29 31 27 69 104 193 199 9 127 150 136 1 115 156 94 39 114 5 54 52 160 4 51 128 152 22 11 32 61 10 151 70 65 119 192 25 122 36 109 196 16 
data.109:
195 188 47 49 33 60 82 9 35 12 27 118 200 182 104 112 150 52 179 97 42 109 164 63 119 171 4 187 126 128 169 44 90 114 133 139 75 157 176 56 191 181 193 39 137 143 167 15 13 95 48 183 196 31 178 156 159 149 85 53 194 59 142 129 152 155 102 43 18 115 162 40 68 177 62 7 88 163 99 161 38 180 26 45 170 185 140 189 28 87 122 34 81 125 108 21 123 73 79 105 131 65 80 134 107 93 158 174 103 184 5 86 66 175 51 77 41 91 110 127 57 94 111 32 132 64 144 138 198 96 36 46 136 23 72 89 141 145 101 146 67 83 124 121 76 78 24 29 3 186 17 30 168 173 71 69 106 172 61 19 120 154 6 58 11 74 147 130 20 116 22 197 55 117 16 165 148 1 98 8 153 192 100 135 2 37 70 50 14 92 84 166 54 160 10 25 199 151 113 190 
data.110:
110 193 136 152 148 143 105 176 36 5 129 137 138 23 90 30 170 58 33 39 78 41 63 99 134 156 80 171 17 117 24 69 96 82 37 92 190 89 179 181 184 125 119 26 61 49 195 57 147 109 85 44 173 11 73 79 102 2 164 20 128 200 3 158 145 183 182 51 115 54 74 38 122 168 107 157 187 62 19 185 22 29 87 88 165 194 43 167 188 66 95 186 48 98 166 140 40 72 97 155 45 1 67 25 93 114 111 46 53 106 52 192 31 178 101 123 81 153 28 71 4 27 65 108 150 86 113 124 35 64 10 6 146 32 56 76 133 68 18 104 172 135 162 169 83 9 159 191 127 177 199 144 118 126 175 120 151 139 8 34 161 14 91 55 84 42 21 13 112 59 121 180 103 94 75 198 12 163 149 100 7 174 77 116 160 60 141 47 131 154 70 132 15 197 196 50 189 142 130 16 
data.111:
202 203 484 367 51 297 46 253 150 166 176 141 179 220 348 206 351 358 326 74 415 500 258 37 301 410 464 409 275 494 355 81 272 56 363 201 195 207 283 420 100 254 465 483 492 454 210 386 404 1 285 271 69 460 303 31 313 375 397 311 178 394 334 466 352 157 418 478 243 107 371 142 217 457 250 330 8 180 402 488 362 186 102 168 11 35 7 78 175 333 59 129 50 146 164 370 17 319 462 149 25 235 265 419 446 6 310 89 200 252 117 248 381 169 373 93 97 223 76 211 96 337 421 98 172 339 281 479 493 177 199 299 441 57 262 86 486 87 236 132 165 296 474 480 224 433 30 187 353 320 66 378 499 247 383 376 148 152 477 48 130 230 290 44 92 221 274 435 487 161 41 384 27 68 188 416 3 90 105 197 498 294 104 118 80 284 429 60 212 270 38 385 396 64 472 4 111 209 328 471 277 432 22 136 475 121 414 426 36 260 65 332 346 425 213 490 344 153 403 279 470 82 286 23 147 308 292 428 134 343 182 336 173 229 329 377 109 288 361 219 368 356 436 77 463 122 461 143 289 196 439 99 127 190 208 280 342 438 120 123 246 249 444 240 193 264 266 316 405 449 15 124 155 151 14 255 10 137 222 52 401 140 305 360 267 387 453 28 423 372 13 261 489 473 12 455 170 442 144 354 359 227 497 482 2 63 347 114 309 324 218 138 232 380 163 95 365 174 412 85 322 443 256 225 291 19 302 450 458 391 192 237 448 459 75 481 156 411 445 427 323 21 226 495 390 154 357 374 406 434 20 103 304 214 251 135 189 238 293 34 61 349 234 338 392 239 345 29 145 257 341 408 43 125 205 126 467 388 79 133 18 47 83 139 317 91 456 70 382 42 447 26 298 327 335 366 259 119 162 233 325 276 39 110 49 54 194 184 424 198 241 113 171 24 73 440 476 131 431 369 413 191 437 451 300 399 160 312 62 108 40 45 242 101 67 115 400 55 407 417 245 269 204 159 282 273 331 307 469 491 268 393 398 5 263 340 318 389 72 314 33 452 395 32 278 185 116 71 158 364 88 422 183 9 379 53 295 16 231 315 216 167 496 58 228 350 287 84 485 468 215 106 430 94 244 321 306 112 181 128 
data.112:
460 72 226 23 366 469 154 137 494 201 476 22 329 330 37 195 379 325 200 389 239 240 374 259 209 294 74 491 98 312 266 489 183 321 278 94 290 356 342 112 462 118 16 372 58 152 85 13 219 136 41 249 264 345 283 5 158 347 400 385 417 235 14 59 92 142 369 10 255 285 393 246 304 380 470 156 131 383 15 328 382 105 295 396 234 425 68 263 185 308 331 100 3 298 1 243 281 167 456 397 317 165 296 11 25 402 188 335 225 458 426 349 272 391 477 474 217 480 497 453 303 275 297 367 187 228 485 115 155 2 455 236 250 182 424 394 353 359 384 459 107 104 96 495 220 6 320 361 428 21 52 468 216 273 344 245 310 441 4 337 222 157 241 336 132 198 66 119 9 340 370 8 151 12 436 110 377 128 315 500 486 89 192 86 117 210 403 413 71 114 427 479 284 286 418 323 414 122 233 260 130 437 146 463 147 99 352 440 124 450 499 17 126 103 449 135 326 465 467 360 176 221 357 292 443 274 203 319 407 447 327 448 208 227 43 174 288 416 61 471 381 190 339 375 125 7 29 196 301 368 487 46 189 238 191 251 40 79 116 121 173 204 445 346 405 166 324 111 341 30 108 386 60 65 277 163 70 145 42 87 354 194 229 247 439 392 434 358 106 265 81 231 415 438 483 490 478 248 457 78 451 69 181 411 53 214 302 39 49 149 31 421 492 90 133 390 406 419 91 334 218 363 67 258 45 177 387 398 435 55 306 129 199 268 422 138 62 33 101 148 269 223 464 77 113 140 257 300 350 376 134 164 207 144 373 175 267 430 18 178 24 168 282 399 484 83 409 139 202 309 237 54 159 311 404 322 287 84 180 365 34 38 123 276 355 401 496 88 388 313 314 364 475 179 270 205 232 73 141 212 333 172 213 408 97 120 454 76 410 412 19 27 186 153 57 95 280 431 150 161 44 254 289 109 293 256 211 242 51 444 351 423 493 299 452 50 102 343 461 169 230 371 488 170 206 35 395 162 420 36 271 291 348 28 316 429 446 433 482 215 20 80 160 197 193 498 32 481 26 473 143 261 362 82 224 307 75 472 378 318 466 332 305 442 244 252 432 127 47 171 279 338 253 56 48 93 262 64 184 63 
data.113:
444 98 438 256 468 18 250 476 417 105 114 382 484 216 278 1 240 322 461 489 298 25 470 234 342 92 109 213 348 399 78 148 70 463 40 68 172 221 306 61 113 283 390 439 132 202 110 426 453 157 299 53 320 406 416 107 359 452 220 224 328 191 179 294 330 246 495 194 20 23 146 161 182 119 450 195 236 302 411 280 309 104 458 34 265 129 149 381 180 371 471 15 173 408 415 156 270 314 409 62 430 446 487 462 219 394 414 17 200 336 54 372 420 326 229 79 264 318 125 134 334 121 403 94 102 206 436 137 143 332 10 47 118 412 485 174 203 226 262 42 271 301 447 82 8 45 33 249 311 325 413 433 36 152 139 26 267 455 142 291 341 215 443 4 307 135 67 187 188 154 276 108 14 493 19 500 429 128 147 126 141 177 392 321 331 204 404 7 39 228 184 383 405 385 254 367 178 354 218 427 35 474 498 338 374 352 358 241 258 319 369 88 223 335 370 130 242 189 272 3 275 138 144 76 349 356 97 477 480 286 333 73 346 95 491 168 363 400 83 99 355 111 268 181 434 464 397 449 492 212 239 353 217 84 175 377 183 282 248 327 486 60 340 410 37 86 115 59 131 171 435 227 440 69 407 153 197 116 465 122 339 483 5 24 167 285 222 124 379 312 75 243 251 398 214 384 48 343 351 63 96 460 56 313 457 50 252 499 308 391 6 344 364 388 30 196 38 65 421 281 395 422 442 155 269 57 231 22 51 289 305 380 293 207 496 27 244 425 123 140 401 441 402 13 80 300 375 490 297 185 158 428 165 193 287 373 366 316 437 296 87 230 303 85 238 150 257 315 2 29 324 192 159 198 467 245 170 235 310 357 43 58 451 64 237 345 205 317 120 91 497 396 478 494 266 11 473 55 145 199 277 448 376 290 160 209 288 16 365 211 9 233 337 350 163 260 101 304 52 176 284 393 106 378 186 162 232 368 347 21 100 136 190 166 169 208 424 432 225 273 90 103 261 360 445 32 259 362 93 389 295 418 46 201 247 469 71 12 151 112 387 72 49 253 466 482 488 323 419 386 41 44 210 117 31 66 81 479 133 263 459 279 292 423 481 274 431 255 164 89 472 456 77 28 454 329 361 74 127 475 
data.114:
221 208 81 422 80 472 337 130 436 202 319 201 33 105 326 237 257 229 486 281 47 12 340 119 232 288 250 338 177 290 239 123 310 100 242 36 256 76 287 6 24 499 43 63 65 425 450 247 332 96 465 67 189 204 218 251 320 66 477 54 172 196 483 421 377 2 104 129 16 269 369 404 45 494 70 316 108 362 469 69 205 308 417 209 387 169 393 37 368 94 352 181 306 408 13 55 455 161 176 395 492 284 382 401 178 349 86 255 330 416 233 162 488 20 112 143 236 9 188 313 72 155 374 394 134 153 107 305 52 222 462 168 210 164 217 261 303 101 235 18 493 360 424 116 365 435 173 195 418 445 156 323 380 441 463 10 23 490 59 448 146 464 135 216 291 56 241 478 77 212 321 136 62 125 131 405 215 482 466 275 347 25 353 167 397 409 53 79 111 207 356 211 264 50 149 390 385 109 444 474 175 187 339 245 429 32 144 29 91 304 282 484 71 179 354 415 423 355 430 341 329 396 438 243 366 476 137 274 475 213 271 314 451 28 87 214 386 322 449 14 267 298 457 324 60 197 225 348 410 92 83 184 391 496 254 498 230 48 192 249 351 102 400 34 128 459 84 200 357 4 75 315 384 165 431 454 280 378 110 185 252 470 152 311 301 379 331 88 147 292 297 57 272 223 224 312 7 49 140 258 124 432 157 15 99 95 97 318 21 473 58 376 497 199 487 73 327 485 439 279 333 39 471 30 193 372 328 302 334 127 300 346 370 158 220 447 3 183 113 253 295 452 234 166 8 118 40 106 265 296 35 266 150 41 427 154 248 283 219 238 180 226 231 309 336 171 285 389 27 115 38 78 121 141 342 453 19 93 263 17 145 170 500 443 440 174 375 458 278 411 11 44 182 74 206 412 388 495 420 42 367 120 277 260 359 446 273 399 364 398 26 433 64 163 289 299 335 51 114 419 428 468 228 190 194 434 481 227 293 89 90 491 98 361 160 244 294 268 286 426 85 151 406 82 467 317 31 138 148 325 383 307 1 61 350 117 262 461 403 343 142 159 371 479 122 392 358 259 363 480 133 126 246 68 270 22 103 186 407 139 345 413 402 276 198 437 240 489 373 344 191 442 132 456 460 203 5 46 414 381 
data.115:
25 394 436 358 209 410 10 160 338 87 135 200 232 426 158 128 21 364 356 470 55 257 367 494 314 132 453 455 154 262 378 101 442 47 206 239 339 419 479 487 368 293 168 58 142 92 156 245 155 208 327 301 471 234 115 456 185 61 376 22 163 122 414 461 324 297 199 335 404 248 381 441 465 180 109 238 454 422 219 416 385 222 300 359 252 83 439 123 218 315 319 477 98 67 80 377 392 110 138 178 318 353 104 431 363 212 279 27 7 332 384 492 451 337 488 44 457 286 296 435 53 276 30 48 129 150 290 443 389 495 79 88 380 162 229 346 97 9 106 173 253 310 352 386 211 111 170 383 72 362 258 345 40 203 374 387 408 460 77 38 90 192 73 277 35 70 117 336 50 350 434 499 191 438 49 417 437 56 237 291 141 251 311 78 174 354 24 127 224 37 194 5 59 366 131 225 284 75 221 287 255 302 167 130 166 400 425 41 19 463 16 323 388 125 217 370 484 164 447 74 307 490 216 165 220 64 261 13 183 403 103 161 445 14 28 328 476 481 120 486 193 228 421 459 182 413 415 241 458 171 93 268 292 472 195 382 320 86 306 210 331 493 33 62 396 452 143 325 119 152 278 485 51 147 372 20 54 361 89 491 188 423 446 365 134 186 272 26 34 181 357 418 85 201 420 236 371 46 151 250 76 140 187 196 267 316 2 96 398 330 68 113 270 198 295 266 322 298 159 121 285 124 69 175 260 321 146 469 412 136 107 197 406 432 395 82 430 474 6 91 205 401 36 204 145 233 294 303 317 246 340 8 466 157 39 309 18 176 349 244 464 153 304 202 45 215 179 235 172 242 489 308 360 483 15 498 280 275 100 189 342 60 102 105 343 256 11 214 326 114 133 42 3 231 139 289 254 407 94 148 4 482 259 373 405 12 449 397 391 288 440 213 263 500 243 427 112 409 450 411 227 230 1 379 462 473 467 247 402 478 63 399 264 347 126 429 312 249 118 271 65 333 475 32 144 31 190 281 448 305 351 480 369 43 177 273 355 428 23 81 137 265 424 169 84 149 52 497 17 283 240 341 313 57 207 274 226 375 433 334 344 223 66 468 99 496 299 348 269 390 444 184 329 393 95 116 71 108 282 29 
data.116:
226 436 93 136 290 493 408 453 265 266 354 221 187 292 201 90 113 74 376 34 129 311 48 105 189 499 215 270 378 88 444 466 379 349 373 211 462 409 449 15 49 228 421 435 146 198 303 474 151 239 124 255 271 181 385 418 390 334 66 272 341 473 81 338 166 452 481 244 425 50 432 458 382 275 87 267 115 106 192 410 96 164 386 406 32 180 10 36 391 68 328 442 494 411 440 242 162 199 202 56 339 318 128 227 433 122 159 394 480 289 139 374 486 309 345 71 256 195 360 371 422 305 343 64 126 372 420 302 350 55 173 97 184 121 54 460 475 11 165 398 42 251 331 22 190 314 426 35 370 414 65 232 57 250 248 397 157 488 236 320 392 454 79 276 329 185 3 434 237 403 217 120 415 200 249 352 206 212 69 102 170 171 130 441 99 498 293 269 278 383 127 364 387 477 112 76 114 252 478 4 261 359 455 281 73 5 246 8 147 335 103 243 132 407 59 138 82 107 235 336 353 19 423 238 262 322 101 72 27 375 39 95 204 417 439 144 86 297 342 44 47 355 257 404 222 361 220 344 29 191 208 161 279 461 186 1 104 313 223 306 214 365 304 472 308 45 299 6 253 142 179 7 183 150 317 497 67 446 53 70 100 264 412 233 351 38 182 380 437 143 307 175 381 487 119 245 347 31 326 384 431 61 85 118 413 500 366 30 110 467 92 470 137 213 287 483 216 60 348 377 20 40 116 389 46 427 134 51 485 300 2 330 286 429 469 280 131 145 194 197 399 496 77 160 178 58 75 140 465 62 174 402 463 268 492 43 218 263 109 332 125 294 41 135 273 163 169 291 17 141 337 321 430 21 319 356 231 459 282 333 153 274 168 188 258 316 325 358 405 148 288 18 78 52 438 37 479 471 484 152 156 388 489 400 205 443 167 225 259 23 234 367 240 284 315 312 445 260 26 210 254 158 450 24 451 16 14 94 491 464 447 207 247 301 401 468 323 193 419 172 396 482 133 368 416 324 13 108 111 117 296 327 298 196 285 12 28 310 340 91 363 33 277 428 25 393 224 154 362 495 177 209 176 369 456 149 83 295 63 395 98 219 203 241 476 155 80 9 457 490 229 230 283 424 448 357 84 89 346 123 
data.117:
131 41 59 389 271 199 468 275 262 294 204 333 439 186 147 28 211 329 67 220 101 19 72 392 250 143 498 374 159 341 442 409 314 449 246 400 258 66 124 129 148 164 460 348 435 12 58 311 485 461 108 207 255 167 354 125 413 428 32 87 100 183 74 474 286 130 414 367 1 158 65 361 10 424 235 463 342 272 29 120 55 75 221 480 208 215 240 383 457 274 288 166 327 402 90 139 281 399 134 46 291 268 205 370 404 181 411 9 99 284 302 372 109 488 453 50 309 362 394 429 452 393 15 121 218 455 487 489 30 77 86 83 280 24 40 193 443 478 64 359 368 304 126 175 245 279 137 466 467 35 180 198 317 408 492 14 53 297 122 63 202 227 432 318 146 21 418 437 188 269 378 76 160 61 338 149 184 300 315 450 42 47 471 44 256 296 496 43 91 497 118 170 92 189 23 395 243 430 54 316 308 334 150 106 27 111 104 412 270 80 197 209 248 191 433 239 373 340 417 425 254 224 328 490 371 179 144 153 379 36 206 336 172 233 20 200 73 81 229 440 154 346 25 33 303 446 51 426 475 331 155 293 441 445 451 133 232 253 71 39 82 84 132 38 380 335 31 48 79 366 142 201 376 476 264 347 358 34 196 465 192 470 249 391 94 60 114 323 128 156 499 37 282 339 403 397 421 56 386 388 406 364 420 357 382 127 459 176 266 349 214 285 365 491 222 171 225 152 169 307 351 49 4 68 356 494 483 298 481 482 135 369 2 103 151 163 177 398 45 306 343 95 448 226 321 267 484 236 157 276 261 263 290 165 162 182 458 57 423 216 454 117 136 217 238 173 17 195 123 212 292 97 325 473 353 493 26 52 277 337 273 241 98 299 141 178 326 185 85 107 360 102 283 89 174 7 438 140 228 419 495 375 69 168 352 401 105 415 462 110 330 350 231 78 190 230 223 11 138 203 287 13 3 405 344 345 407 295 436 161 22 16 93 237 305 381 115 194 396 145 265 259 477 410 289 116 319 6 387 70 313 310 444 500 210 257 416 434 96 234 219 187 8 113 112 363 377 252 119 242 251 88 384 422 486 431 247 464 301 213 18 427 447 312 5 479 472 320 390 332 260 324 62 456 278 469 244 355 322 385 
data.118:
22 167 182 79 297 82 101 497 104 63 348 25 162 144 154 211 280 21 141 383 217 318 480 443 31 469 175 444 294 396 44 251 298 398 481 284 455 147 158 176 436 216 289 476 405 236 12 1 368 74 295 310 34 119 271 279 388 487 124 360 202 30 472 142 60 267 36 245 171 91 329 140 394 96 413 80 357 123 155 327 179 473 477 100 307 87 19 395 117 331 18 325 239 50 342 115 410 266 407 459 452 467 3 157 370 9 440 81 386 125 326 349 259 137 308 500 51 427 59 365 387 178 187 404 234 373 333 122 173 393 258 305 483 190 433 212 249 66 110 301 435 58 95 168 347 299 133 235 490 274 57 315 68 108 262 376 139 498 75 134 210 223 200 300 431 2 353 181 323 151 232 296 375 479 276 28 255 434 237 378 415 354 319 389 61 260 265 314 471 88 288 417 463 70 209 208 406 411 78 287 492 224 335 419 161 90 256 362 86 390 422 43 7 114 484 99 361 32 275 379 163 250 338 278 111 457 458 40 441 340 24 56 196 364 499 261 343 414 371 408 449 369 384 128 425 131 269 5 47 367 64 486 150 244 328 165 450 451 109 126 277 306 482 93 213 293 193 92 401 246 207 317 391 159 164 62 98 214 231 132 169 188 454 302 69 282 355 195 204 222 445 48 152 330 197 11 446 16 67 180 485 381 8 149 198 72 107 166 49 184 215 412 97 26 291 332 399 229 83 203 73 201 475 461 496 94 243 341 42 423 172 309 466 493 227 192 71 183 238 316 135 219 254 33 53 143 29 118 264 400 205 65 160 89 252 136 448 428 52 292 15 241 418 438 186 39 460 20 156 247 352 23 380 320 145 474 424 14 283 464 240 311 363 468 221 339 272 421 27 253 257 359 290 358 273 345 54 45 206 377 494 270 403 439 106 281 336 41 174 185 225 4 322 489 366 199 392 153 350 324 105 374 334 462 146 228 495 177 116 321 346 465 312 430 77 113 220 397 242 285 76 13 416 233 218 191 488 10 17 447 286 442 37 170 103 148 248 230 351 426 263 372 456 470 226 337 130 127 102 402 194 313 85 304 121 409 453 38 356 120 138 303 112 344 129 55 432 268 382 189 385 46 429 437 491 35 6 420 478 84 
data.119:
87 216 151 222 412 438 254 117 476 315 50 486 59 24 478 311 441 416 439 495 268 400 207 273 116 306 10 293 487 202 328 430 123 386 186 432 35 55 84 422 484 82 133 103 434 358 295 114 128 491 6 266 466 93 451 318 337 421 329 332 393 401 138 69 398 234 450 394 47 96 341 271 238 132 396 136 251 375 296 41 102 122 436 456 34 469 218 75 298 242 179 468 80 402 479 209 299 321 88 233 154 333 347 499 284 417 137 219 158 165 290 185 195 170 303 19 85 459 37 180 317 497 474 124 235 68 269 4 5 155 389 480 54 78 239 331 240 159 16 97 313 414 413 70 184 443 272 33 446 496 192 246 455 173 2 376 100 221 90 11 89 210 174 264 360 297 292 29 157 248 73 489 76 301 435 61 463 228 390 243 365 452 477 188 193 498 66 108 373 490 107 485 381 62 464 81 31 349 353 465 67 140 217 152 387 95 98 460 198 150 342 183 367 153 214 370 279 300 308 294 448 302 213 309 9 44 369 194 212 21 91 148 423 26 171 237 191 281 46 38 204 472 72 420 278 348 449 256 149 482 164 286 366 263 345 453 3 190 146 323 334 339 101 51 415 283 22 343 236 244 406 187 58 27 32 176 230 255 305 462 8 83 440 74 322 384 312 226 52 160 411 426 419 470 327 168 383 304 493 291 338 265 288 71 258 262 28 282 457 131 145 161 336 372 427 169 433 461 471 319 324 45 14 247 494 39 94 223 253 42 257 454 425 196 407 141 167 56 127 280 488 130 147 64 231 437 326 143 352 354 404 206 314 361 208 377 86 92 418 481 13 109 162 126 99 241 458 397 112 362 368 18 48 106 1 467 224 12 129 410 57 382 325 428 135 270 403 43 447 36 49 249 392 429 7 227 307 391 225 115 261 220 119 134 289 110 156 350 142 177 60 15 203 359 229 118 63 351 121 65 182 274 357 444 105 25 111 200 211 20 276 380 139 379 181 189 473 77 215 197 475 23 267 310 500 172 259 374 431 163 395 277 408 30 175 405 320 53 245 363 166 260 424 104 17 340 445 287 385 40 378 399 250 442 364 232 356 79 205 371 335 409 330 483 201 178 344 346 144 199 388 492 355 316 285 252 275 125 113 120 
data.120:
449 185 385 299 97 110 343 474 162 499 298 409 232 494 163 319 234 161 340 471 174 401 105 216 267 461 195 354 243 281 373 483 147 93 53 481 359 64 235 132 358 27 117 382 295 318 457 30 57 337 432 101 430 23 198 223 279 307 408 237 76 133 90 154 391 236 52 108 427 478 350 173 495 331 8 491 314 422 334 400 141 444 286 156 324 83 10 42 269 484 144 67 290 383 265 341 165 254 82 490 418 356 36 98 128 253 443 35 123 451 384 77 179 205 231 335 209 497 175 233 49 349 203 99 102 222 448 178 367 434 361 33 58 238 300 6 118 416 419 139 56 404 482 2 325 475 153 303 492 438 463 28 95 157 177 31 285 20 63 260 39 60 271 65 75 89 172 206 217 380 21 353 446 288 151 124 166 425 302 119 258 368 374 393 455 159 336 395 498 347 450 143 465 470 125 328 7 333 362 138 170 345 388 435 229 275 329 59 87 469 140 181 344 126 196 273 289 80 104 204 403 227 78 131 74 96 464 294 40 207 270 305 22 142 4 278 308 472 355 188 247 11 48 192 304 320 462 37 26 189 190 251 369 122 332 29 164 390 88 315 130 364 193 208 407 264 310 218 242 66 135 221 399 423 473 372 378 417 176 392 311 228 61 252 317 114 194 467 145 199 381 113 429 103 155 136 436 454 313 326 476 220 249 420 459 41 100 201 219 306 79 487 352 148 197 3 169 244 121 72 441 14 375 330 34 322 500 168 17 202 466 296 327 480 458 280 282 453 19 94 92 371 73 13 363 268 283 1 45 91 224 259 120 365 213 276 394 386 415 321 323 397 411 405 18 5 248 46 312 402 15 69 212 293 428 442 71 134 215 433 55 70 240 246 43 51 440 389 376 426 256 301 496 81 284 468 191 68 348 460 250 366 180 186 274 277 54 477 486 230 377 456 255 24 263 214 62 360 414 106 261 406 485 32 479 437 489 431 149 183 129 127 211 86 150 257 12 16 291 297 387 262 171 210 109 287 50 112 488 137 342 167 346 116 339 44 357 160 493 421 410 239 398 447 316 412 85 338 200 379 413 182 115 226 107 84 184 445 38 47 292 396 266 370 439 452 187 225 245 351 309 424 272 111 241 158 9 146 152 25 
