data.000:
1 4 3 2 
data.001:
3 17 13 9 8 15 14 11 16 19 6 7 4 5 18 1 2 20 10 12 
data.002:
19 10 3 14 18 6 15 17 20 12 9 7 16 4 1 13 5 11 2 8 
data.003:
3 19 14 10 16 11 4 20 18 5 1 7 12 9 8 17 2 6 13 15 
data.004:
13 9 16 17 11 15 2 20 19 10 12 7 6 1 5 8 14 3 4 18 
data.005:
5 3 12 10 20 18 9 15 19 7 17 13 4 16 6 2 14 11 8 1 
data.006:
14 5 20 17 11 8 13 16 3 6 1 7 18 12 10 9 4 15 19 2 
data.007:
10 5 1 13 14 2 11 15 20 16 8 6 9 7 17 19 12 4 3 18 
data.008:
17 12 6 9 2 4 14 10 18 16 19 7 8 5 20 15 13 1 3 11 
data.009:
4 7 16 2 14 12 3 13 8 20 17 5 18 1 11 6 9 15 19 10 
data.010:
5 11 19 7 16 10 15 12 13 6 1 2 8 3 4 18 14 17 9 20 
data.011:
4 9 6 3 5 7 2 12 16 17 15 20 10 14 13 8 19 1 11 18 
data.012:
12 13 19 17 20 9 8 15 2 7 1 5 11 10 3 16 14 4 6 18 
data.013:
4 7 9 5 6 20 10 13 1 16 15 12 17 19 18 11 14 2 3 8 
data.014:
11 18 20 15 13 3 12 7 10 6 4 8 1 2 16 19 9 14 5 17 
data.015:
16 3 4 5 18 11 13 8 17 20 9 12 6 14 15 19 1 2 10 7 
data.016:
20 7 8 3 16 17 18 15 9 6 10 19 11 13 14 4 5 1 2 12 
data.017:
19 4 7 10 3 6 17 13 18 9 12 16 20 1 2 11 5 14 8 15 
data.018:
10 4 17 19 7 20 14 2 5 3 8 18 16 9 6 13 11 1 15 12 
data.019:
8 16 14 1 12 20 17 4 7 10 18 11 2 15 3 13 19 5 6 9 
data.020:
5 17 6 19 4 3 2 9 13 7 8 16 20 10 14 18 1 15 12 11 
data.021:
3 7 17 18 5 10 16 4 8 9 15 11 6 12 13 20 14 2 1 19 
data.022:
18 15 12 8 20 13 5 19 11 6 1 3 4 10 14 9 16 17 7 2 
data.023:
6 14 12 19 4 18 16 15 20 1 3 8 13 11 17 5 9 10 2 7 
data.024:
11 14 16 13 3 4 18 5 2 8 1 6 20 12 19 15 7 9 17 10 
data.025:
14 9 11 18 8 20 5 12 10 19 3 17 15 4 13 2 7 1 16 6 
data.026:
14 11 13 8 1 6 20 18 4 9 17 15 10 2 5 3 7 12 16 19 
data.027:
17 15 10 6 4 11 9 7 14 12 3 5 16 2 20 8 1 19 18 13 
data.028:
6 2 1 5 4 13 8 17 3 10 20 12 11 19 14 7 16 18 15 9 
data.029:
8 1 16 3 7 14 6 17 20 10 13 11 2 19 4 9 12 18 15 5 
data.030:
7 3 16 8 2 6 11 10 15 5 17 1 13 18 9 19 12 20 4 14 
data.031:
3 10 24 30 38 50 39 40 46 17 31 12 41 18 49 32 6 11 1 26 44 22 13 8 5 43 21 4 2 34 42 9 28 25 29 27 45 14 15 47 16 33 7 20 48 23 35 19 37 36 
data.032:
50 42 6 15 38 33 36 18 49 10 5 37 8 14 7 2 45 28 43 20 44 39 22 29 16 32 17 19 9 31 41 40 46 13 30 27 35 24 12 25 47 48 26 34 3 21 1 23 11 4 
data.033:
22 27 36 15 16 2 30 6 37 35 18 28 1 25 48 26 41 7 3 31 34 49 4 45 12 46 17 29 11 24 33 32 13 20 10 40 5 9 43 47 19 38 50 42 44 14 23 8 39 21 
data.034:
30 42 22 12 23 50 28 46 2 26 9 27 41 15 13 18 49 25 14 32 3 36 24 19 37 35 7 47 1 34 39 38 16 20 4 45 11 40 10 5 8 33 29 48 6 31 17 43 21 44 
data.035:
7 27 46 48 3 19 50 29 10 44 30 36 34 28 39 38 40 21 24 20 4 18 8 13 31 12 16 37 41 43 32 1 5 17 35 14 2 23 22 47 11 25 15 6 26 49 45 33 9 42 
data.036:
1 33 4 21 41 47 50 48 29 36 24 28 25 46 42 8 43 20 39 22 35 11 16 19 9 30 5 3 40 38 44 10 32 6 13 49 7 15 18 23 45 34 37 17 2 26 14 27 31 12 
data.037:
8 27 25 5 22 42 15 34 38 13 37 43 20 49 18 14 21 24 39 7 30 12 23 32 9 6 46 10 31 35 33 11 3 44 48 29 17 50 40 26 45 36 2 4 1 41 16 47 19 28 
data.038:
40 38 35 7 34 2 23 17 47 30 27 14 10 22 50 26 8 33 36 1 5 9 31 49 43 18 25 20 37 21 24 6 39 46 19 16 15 3 28 45 44 29 12 11 48 41 13 32 42 4 
data.039:
17 13 10 12 24 3 1 40 47 46 39 7 34 8 37 41 22 36 6 26 44 38 29 11 31 18 49 50 43 15 5 45 23 30 16 21 20 32 33 48 25 2 19 28 27 35 14 4 9 42 
data.040:
6 44 30 33 32 1 34 48 21 27 39 19 8 31 42 18 35 20 37 2 22 28 3 49 25 26 16 11 10 24 15 47 4 7 14 29 36 43 17 5 45 40 41 46 38 23 9 13 50 12 
data.041:
37 18 42 44 24 30 33 20 34 8 25 31 29 36 43 35 19 32 14 4 26 49 10 16 45 47 13 38 2 11 7 28 23 17 27 22 46 3 6 15 9 40 21 41 5 50 12 1 48 39 
data.042:
42 3 46 35 49 50 44 38 24 28 23 47 26 10 14 9 31 18 25 27 33 37 17 12 48 40 13 34 32 41 19 21 1 7 6 4 39 20 16 29 8 22 45 36 15 2 30 11 5 43 
data.043:
27 24 28 4 12 14 10 36 25 49 5 18 2 45 46 7 35 23 37 6 41 16 3 32 33 29 11 48 1 31 30 17 34 20 47 9 19 38 40 42 43 13 50 44 39 8 26 22 15 21 
data.044:
5 10 13 18 31 33 8 17 39 20 34 22 37 28 19 24 48 36 25 40 27 49 6 23 46 21 7 3 16 41 1 29 38 2 11 44 14 47 4 12 15 35 26 32 30 50 45 43 42 9 
data.045:
6 33 1 48 42 23 12 44 30 50 39 10 46 7 31 35 2 25 26 45 34 11 9 40 8 16 3 49 15 14 27 41 5 13 17 36 24 38 47 19 18 20 28 29 4 21 32 37 43 22 
data.046:
45 3 24 5 44 28 15 38 42 11 16 23 37 33 39 27 49 19 10 20 9 34 21 25 32 43 50 22 1 29 31 17 40 14 47 18 48 30 13 26 2 6 46 36 35 8 7 4 41 12 
data.047:
26 17 40 6 13 41 33 2 15 48 49 3 12 20 22 44 32 46 1 28 11 16 9 21 34 37 10 24 45 39 7 25 43 29 8 50 27 42 19 5 14 4 36 35 30 47 18 31 38 23 
data.048:
13 17 34 7 21 41 5 38 11 36 43 26 29 27 31 44 20 32 1 9 35 8 45 6 14 22 40 15 47 19 12 33 37 42 50 2 24 18 46 16 30 23 10 25 48 3 49 4 39 28 
data.049:
33 45 13 47 30 44 10 5 31 40 42 36 21 22 27 23 2 12 26 37 46 48 38 32 9 16 17 15 20 1 28 14 50 29 18 35 4 8 3 39 6 24 25 11 41 34 7 49 19 43 
data.050:
21 49 38 19 40 4 42 29 27 28 34 41 23 17 8 43 12 24 47 11 44 22 15 39 32 16 7 6 1 20 37 26 30 13 3 36 48 25 35 14 33 46 5 31 10 9 18 50 45 2 
data.051:
12 43 45 8 15 44 20 29 27 50 11 24 21 17 37 5 31 33 3 13 14 2 46 39 34 26 10 35 36 47 6 32 42 38 19 1 16 48 49 7 22 23 18 4 9 30 41 28 40 25 
data.052:
32 49 33 31 40 30 38 6 20 17 42 23 43 41 16 39 25 48 4 47 36 11 35 45 18 29 46 14 7 26 5 44 19 2 3 1 50 37 10 12 13 15 28 22 9 21 24 34 27 8 
data.053:
24 4 28 39 49 10 12 25 11 6 36 15 8 3 21 27 2 22 37 35 31 18 16 45 23 33 46 1 17 9 47 5 30 20 7 29 19 43 48 50 26 42 32 40 38 34 41 13 44 14 
data.054:
14 38 47 34 44 1 23 36 8 19 37 4 21 20 45 24 5 30 15 13 7 48 43 12 3 25 32 18 39 49 26 40 31 6 17 35 33 11 46 29 9 50 22 2 10 41 27 16 42 28 
data.055:
31 35 4 48 23 20 25 13 19 15 40 49 24 5 28 26 36 42 32 21 2 45 27 16 34 37 39 12 22 41 10 50 47 3 14 46 18 43 9 29 38 8 33 44 7 17 1 6 30 11 
data.056:
3 14 47 17 37 35 21 6 9 33 41 24 22 4 39 42 5 18 8 19 11 16 50 2 32 45 40 25 31 46 49 1 20 36 13 28 30 10 15 48 23 43 7 29 12 27 26 34 44 38 
data.057:
4 35 23 15 33 39 10 45 5 40 13 8 32 12 41 11 25 48 20 47 38 17 29 34 19 42 14 30 36 28 37 46 18 31 50 27 22 49 1 7 9 3 21 2 43 24 6 26 44 16 
data.058:
39 32 1 22 6 12 31 30 15 2 8 9 28 38 26 4 21 20 42 7 18 33 3 16 45 14 40 29 49 27 10 19 25 5 35 48 47 13 37 36 41 43 24 11 17 44 34 46 50 23 
data.059:
35 14 37 3 12 27 50 38 21 32 45 18 31 34 16 28 22 46 1 4 47 41 6 7 5 24 39 8 10 42 17 9 40 33 19 48 29 26 23 36 13 49 43 11 25 2 20 15 44 30 
data.060:
49 11 33 1 12 48 2 8 22 32 18 19 15 36 23 39 43 38 17 35 3 25 29 14 42 10 37 5 16 50 24 6 21 41 44 9 40 47 27 26 28 31 30 46 13 7 20 45 4 34 
data.061:
19 10 93 60 84 77 71 50 68 20 12 24 65 72 55 58 29 83 80 34 35 5 64 33 87 40 39 28 26 85 53 96 32 14 74 47 98 13 21 4 99 95 7 62 15 69 97 16 90 54 88 76 42 6 36 49 3 78 17 45 18 51 27 94 31 89 11 38 52 48 44 2 67 25 37 22 9 81 92 91 73 41 79 56 8 70 82 86 100 43 46 75 23 57 63 59 61 1 30 66 
data.062:
88 16 33 46 45 15 92 20 76 58 39 5 80 83 52 86 10 25 43 8 31 100 68 37 93 40 54 98 66 90 67 29 70 57 9 42 61 51 59 65 14 69 24 75 26 34 28 7 6 94 1 56 12 85 47 89 78 97 48 82 27 17 3 23 95 35 72 91 32 36 53 55 41 71 22 64 96 62 63 18 87 11 77 21 74 2 84 30 49 4 44 81 38 50 13 19 73 60 79 99 
data.063:
28 55 68 43 41 1 38 89 10 42 11 51 82 23 97 13 12 32 17 2 14 57 65 44 31 61 25 88 30 16 70 40 21 100 59 58 22 86 71 45 75 34 95 92 26 85 91 99 67 19 98 5 79 62 53 93 54 18 56 33 39 24 6 80 74 37 69 49 77 76 46 83 52 47 78 35 81 15 66 29 36 50 4 63 27 87 73 8 3 84 96 20 72 7 60 48 9 90 94 64 
data.064:
21 96 57 55 45 37 67 59 20 51 80 28 85 52 23 79 95 66 49 78 82 18 14 9 88 83 43 81 46 77 70 31 71 32 89 7 69 22 26 98 35 97 40 10 94 27 4 72 62 2 17 25 60 11 1 44 84 91 92 19 73 58 50 75 12 33 65 16 39 6 90 34 68 100 36 74 41 48 5 86 8 87 76 53 15 29 64 47 24 30 99 13 3 54 63 61 42 93 56 38 
data.065:
74 72 12 2 98 24 11 57 50 10 87 58 33 77 41 51 82 97 86 78 5 94 68 39 79 75 64 88 17 8 47 16 22 4 91 21 92 100 84 99 67 52 56 53 61 93 63 20 90 30 7 60 73 69 95 55 54 28 19 96 71 46 3 26 66 48 62 25 85 15 38 59 23 89 80 43 35 32 65 42 6 14 34 9 45 31 49 81 40 36 13 29 76 37 1 70 27 44 18 83 
data.066:
83 61 1 54 70 47 49 8 21 72 73 69 92 39 6 80 86 95 91 3 4 51 53 27 20 57 65 56 29 26 37 85 99 36 94 42 88 31 50 34 90 98 76 7 32 44 97 67 68 5 71 100 19 78 9 96 81 23 16 33 14 79 17 18 45 40 15 22 24 30 59 75 48 25 82 55 28 93 10 52 11 74 13 35 87 62 63 12 43 46 60 64 41 84 66 58 89 38 2 77 
data.067:
79 35 20 13 50 89 62 22 98 5 64 28 96 6 75 77 80 7 91 40 16 66 2 45 100 12 19 27 85 11 81 8 21 46 76 3 92 18 42 29 68 4 10 67 94 17 69 44 78 90 97 9 58 54 53 41 73 1 63 33 43 30 87 86 61 84 95 83 36 60 26 57 93 51 59 82 39 65 31 74 37 52 56 25 23 34 88 47 48 99 14 72 38 49 70 24 32 15 55 71 
data.068:
29 42 26 86 74 82 14 21 2 30 91 52 56 83 90 25 35 80 17 73 12 41 67 36 87 9 76 46 6 1 64 27 85 55 70 98 45 49 32 65 96 34 31 59 47 7 79 8 75 69 48 13 18 68 84 54 44 99 16 100 72 5 39 62 19 93 15 24 95 51 22 89 77 92 97 37 11 58 20 33 50 88 43 71 57 60 23 3 94 4 10 78 81 38 63 61 28 53 66 40 
data.069:
4 48 70 60 9 43 57 58 84 6 1 54 19 83 59 97 39 53 10 69 28 44 40 90 72 75 47 24 73 51 2 49 16 32 93 81 68 55 11 18 34 95 29 61 5 80 100 35 96 79 36 50 92 98 65 99 12 42 86 33 20 23 71 78 31 87 52 63 67 17 27 21 94 38 41 74 88 30 14 37 22 3 25 85 76 64 46 66 62 7 77 89 15 26 91 13 45 82 56 8 
data.070:
2 74 75 70 46 100 62 55 20 50 92 37 83 88 4 29 31 51 26 58 47 90 69 23 91 32 54 98 42 44 87 15 24 94 67 66 16 57 60 95 81 49 93 28 56 1 80 84 19 41 13 73 53 64 22 11 79 72 45 43 99 63 76 25 82 71 34 97 61 48 17 5 40 6 14 77 59 68 9 39 78 30 96 3 52 86 89 33 36 21 18 8 85 38 27 7 10 12 35 65 
data.071:
37 45 44 58 61 77 70 21 36 15 72 5 64 17 59 91 93 74 96 99 50 60 56 87 47 82 49 83 52 31 89 24 29 38 39 43 20 35 62 88 94 28 95 86 7 67 2 42 80 81 85 19 14 25 73 8 41 34 46 16 55 10 100 57 51 33 79 18 76 53 92 98 75 30 84 6 97 13 68 1 71 4 22 66 32 65 69 23 54 9 12 11 90 48 27 78 63 3 40 26 
data.072:
24 46 80 28 2 69 36 49 95 39 12 3 8 87 66 91 86 65 43 74 89 11 81 73 61 77 54 6 76 78 16 51 72 4 60 15 98 27 17 68 25 26 75 20 37 59 38 90 19 14 18 5 88 97 53 22 35 57 100 42 41 32 52 45 85 29 82 79 34 70 96 10 67 31 94 93 71 9 48 58 21 55 64 30 83 50 1 92 56 44 63 13 62 40 84 23 33 47 99 7 
data.073:
45 58 29 25 92 56 94 42 61 96 57 83 4 66 24 51 38 54 91 16 87 34 89 12 64 27 20 88 15 22 21 23 76 63 77 40 72 65 97 41 32 28 78 73 5 81 90 13 93 52 74 80 2 95 48 59 85 84 67 99 30 53 3 44 1 35 37 49 50 26 7 8 62 70 75 39 9 79 98 19 31 86 10 82 100 14 33 68 47 17 71 36 11 43 60 69 18 46 55 6 
data.074:
56 5 39 7 24 81 32 76 2 98 12 97 58 15 74 95 61 46 41 80 60 75 28 19 14 3 38 53 63 40 90 77 29 69 79 42 78 59 47 31 17 6 10 23 93 55 83 35 43 70 92 85 99 33 49 16 100 71 96 34 27 21 88 94 87 1 86 36 54 18 66 48 25 37 50 84 9 20 8 45 91 57 4 44 82 51 73 22 72 26 89 11 52 65 30 67 68 64 13 62 
data.075:
33 79 95 100 83 31 46 66 55 80 90 22 88 75 36 62 20 76 9 47 87 48 51 91 13 63 14 29 65 28 94 56 38 21 5 2 72 42 70 24 7 30 18 84 25 82 77 26 99 98 49 57 81 37 44 71 59 73 40 19 23 17 39 10 60 16 1 45 78 15 89 74 97 92 41 58 4 35 8 34 69 12 11 27 93 85 53 68 61 64 96 54 6 86 43 67 3 52 32 50 
data.076:
9 20 19 78 24 47 46 57 86 22 38 64 53 8 6 41 36 34 70 43 7 76 54 58 60 90 4 97 74 15 12 25 48 96 72 82 28 5 42 98 29 52 95 68 14 66 21 67 63 100 45 77 49 32 30 55 35 13 23 81 85 56 99 84 71 59 91 39 37 94 80 31 3 50 69 2 51 83 88 1 62 73 87 89 93 17 79 11 92 27 61 10 26 16 33 18 40 75 65 44 
data.077:
14 56 53 13 99 67 64 79 86 25 62 87 65 48 6 97 3 38 32 29 54 83 55 41 69 39 34 11 74 33 28 9 68 71 59 21 15 4 7 40 42 43 92 77 22 45 27 80 52 5 44 37 50 18 23 17 70 19 31 66 94 58 85 26 61 46 100 93 96 95 20 82 78 30 91 90 36 8 51 75 98 57 89 10 60 72 2 35 47 16 63 84 81 24 1 49 73 88 76 12 
data.078:
48 70 63 41 34 67 14 31 94 90 12 40 47 76 77 55 59 96 73 39 98 3 38 78 86 56 93 19 33 97 83 92 81 15 89 5 21 99 61 71 11 87 23 65 100 85 57 35 13 9 1 28 91 17 25 30 66 88 18 50 4 27 37 75 2 74 22 26 68 54 32 46 43 16 95 62 52 6 8 84 42 82 60 49 58 51 44 29 36 79 64 45 69 20 7 80 72 24 10 53 
data.079:
46 43 92 54 87 18 95 38 75 98 23 91 62 34 60 84 67 49 68 6 36 80 19 48 2 24 94 86 21 83 42 64 37 74 73 5 10 44 57 65 26 52 66 15 29 85 9 77 40 61 56 100 58 96 47 31 76 12 25 45 4 79 30 41 8 59 32 51 82 16 27 88 93 81 50 33 20 7 39 97 90 17 78 3 1 89 35 71 53 28 14 63 22 69 13 70 11 72 55 99 
data.080:
84 57 71 75 14 52 97 63 48 66 89 81 8 99 78 10 2 9 20 17 42 54 34 15 64 29 47 40 88 76 21 92 79 22 24 94 30 73 100 28 4 86 82 69 80 36 44 50 41 37 25 74 95 18 70 31 13 68 96 1 46 77 16 98 6 72 55 49 53 7 35 58 5 11 59 85 67 23 83 33 62 93 60 45 51 39 12 90 43 38 27 87 26 65 56 32 3 19 61 91 
data.081:
1 59 25 47 89 11 54 82 40 78 4 77 46 5 31 30 61 32 9 86 94 43 83 85 55 79 3 44 57 20 75 90 22 21 35 76 98 70 27 16 60 8 80 93 12 23 97 28 81 56 53 66 99 14 65 71 91 62 6 36 100 19 37 29 63 48 73 68 96 74 64 18 67 33 58 24 87 17 45 34 2 88 39 10 26 15 95 7 52 92 42 13 51 49 84 69 50 72 38 41 
data.082:
45 5 99 95 59 14 76 65 91 98 15 50 69 4 87 49 46 63 66 82 97 13 9 72 75 92 23 27 38 64 26 24 40 54 90 43 35 70 62 79 2 53 94 41 3 61 34 84 6 74 31 10 89 42 47 88 37 36 100 19 30 68 28 32 85 96 22 1 78 60 33 25 86 8 48 12 51 17 7 67 77 93 52 21 73 71 11 56 83 20 58 80 44 16 29 81 18 39 55 57 
data.083:
95 90 64 91 97 11 41 10 75 21 37 87 14 56 92 60 42 30 80 45 20 23 8 86 67 54 48 40 4 99 59 32 12 78 24 49 43 31 9 2 61 53 77 44 96 29 58 76 7 71 51 38 33 34 81 15 19 70 65 13 17 28 47 84 25 74 93 55 36 94 1 88 46 22 26 69 5 27 3 52 98 72 66 85 57 89 39 35 73 62 6 63 100 18 50 79 16 68 83 82 
data.084:
36 65 5 29 89 44 79 49 2 60 91 68 45 84 20 67 61 96 41 48 26 43 10 1 66 7 88 51 15 69 24 14 25 46 23 99 87 73 63 38 100 56 74 50 28 4 78 21 37 59 86 58 55 81 32 72 64 85 18 71 42 22 17 31 95 54 8 16 70 94 19 13 11 92 52 57 76 35 39 53 77 12 98 93 47 82 30 3 62 80 33 9 6 34 40 90 83 27 75 97 
data.085:
51 33 98 15 71 30 10 5 36 25 39 38 73 67 22 75 54 27 72 49 12 47 32 14 37 86 23 74 9 11 95 90 64 8 50 80 58 2 85 45 56 94 7 42 48 97 91 31 43 100 17 81 52 34 70 4 65 69 41 60 44 61 13 26 16 66 21 1 3 20 35 6 28 55 53 57 92 24 76 78 59 89 84 68 82 99 46 29 83 63 87 88 93 19 79 40 96 77 18 62 
data.086:
83 32 100 12 23 43 44 72 2 15 96 39 18 59 30 4 47 58 86 89 21 82 56 54 31 1 63 88 76 7 19 85 27 87 92 24 80 13 71 78 29 33 35 98 38 20 26 77 3 28 55 90 84 42 51 94 40 68 57 66 46 70 25 37 65 60 34 36 97 49 75 48 8 99 50 61 69 16 73 10 93 22 74 9 53 64 14 11 52 81 45 91 5 17 6 41 95 79 62 67 
data.087:
80 96 83 78 95 27 57 25 22 93 28 49 62 85 19 88 64 60 3 52 35 66 1 30 68 26 20 69 91 79 14 13 50 24 100 65 53 84 41 33 43 51 72 86 59 45 32 77 38 21 94 7 98 39 58 47 67 42 92 87 36 99 12 29 73 37 6 31 18 61 16 90 44 2 34 48 9 89 71 82 10 56 55 54 97 17 8 11 40 23 46 5 4 74 63 81 75 15 70 76 
data.088:
99 22 39 32 70 3 21 4 87 43 9 100 6 31 12 73 15 1 90 18 48 50 55 62 69 59 41 49 71 68 5 63 74 19 29 54 66 30 78 56 96 98 45 24 17 77 86 27 91 61 7 28 42 46 76 8 25 35 72 40 67 51 92 14 89 83 79 60 36 52 81 38 53 33 93 44 11 75 16 10 37 57 88 23 84 64 80 34 2 65 58 85 82 97 95 13 94 26 20 47 
data.089:
24 75 2 7 44 42 19 88 63 64 90 95 74 17 89 47 15 5 50 40 81 68 60 43 78 37 80 58 29 92 26 76 1 16 62 48 3 10 79 53 55 77 65 41 59 33 82 13 14 34 99 56 23 94 87 38 21 31 45 97 100 49 28 86 9 30 12 4 20 36 96 69 46 73 39 71 54 27 67 91 83 57 93 61 85 35 11 84 25 8 6 51 32 18 72 70 52 22 66 98 
data.090:
17 57 11 48 90 20 18 64 100 91 77 15 43 42 1 39 83 81 45 23 70 41 24 35 16 65 34 2 67 27 7 21 46 73 8 88 79 80 63 52 72 44 6 56 36 78 54 84 49 51 71 61 12 26 10 50 74 96 14 60 76 29 68 47 98 89 33 31 85 55 22 66 32 97 9 40 95 38 30 87 37 75 5 99 25 86 62 92 3 4 69 13 28 82 94 53 58 19 59 93 
data.091:
148 73 23 49 65 81 33 1 30 98 124 71 6 110 176 152 90 197 168 137 113 87 57 167 15 146 182 103 52 67 94 173 77 195 3 190 147 151 109 76 28 156 45 127 125 129 191 36 140 155 159 85 170 43 37 169 161 183 157 163 91 172 16 34 69 96 134 162 68 198 186 100 158 41 142 164 123 165 66 111 104 83 120 14 135 64 200 75 149 82 63 194 132 21 8 42 84 80 17 175 106 19 18 117 118 4 107 95 187 199 193 38 138 79 171 141 89 196 70 184 9 74 179 35 139 20 150 44 25 10 13 53 114 47 2 166 181 7 174 48 11 59 115 121 154 46 58 102 24 112 192 122 26 56 105 143 54 60 86 116 153 101 185 97 108 5 189 72 62 131 22 40 31 126 128 119 93 88 144 12 32 145 177 55 92 50 130 178 27 180 51 133 188 29 39 160 136 78 99 61 
data.092:
42 27 31 130 183 97 161 166 170 112 45 25 181 100 9 44 104 15 22 187 88 155 68 133 64 65 137 148 33 117 140 77 93 19 47 98 174 119 145 70 200 182 143 158 141 144 107 101 86 114 20 40 29 156 5 126 17 48 37 164 50 136 115 91 34 54 24 11 178 62 175 190 125 84 8 58 103 109 21 146 195 14 152 63 165 57 132 10 192 78 75 171 150 28 32 52 184 82 59 163 134 194 2 99 189 110 191 56 139 127 124 4 185 172 106 90 129 6 83 111 16 105 113 74 81 60 108 173 118 38 92 116 162 102 179 51 168 35 39 3 167 199 160 41 66 159 95 46 180 120 1 147 73 149 94 123 61 85 80 157 87 135 18 89 151 153 71 177 53 72 49 197 36 122 198 138 7 26 176 169 186 128 43 154 131 193 12 30 142 188 79 76 67 69 196 55 13 121 23 96 
data.093:
83 92 97 44 39 84 133 25 95 2 51 15 166 157 36 24 4 180 159 20 50 8 62 198 89 91 147 125 129 187 57 119 186 43 69 184 100 102 128 150 1 88 183 140 189 153 82 141 3 191 121 104 29 61 60 174 32 103 21 72 85 42 68 28 146 64 73 49 13 86 115 93 27 123 192 94 22 170 99 58 177 26 59 134 46 118 10 38 7 151 98 23 34 182 37 142 161 131 199 179 126 113 188 163 164 63 185 70 197 160 124 181 90 16 114 54 111 200 87 47 71 171 55 155 165 132 53 67 112 80 139 156 31 56 162 117 138 30 158 196 79 35 75 167 17 40 6 65 105 122 143 144 74 130 52 148 190 76 107 109 137 12 11 194 120 149 77 127 96 116 136 106 193 168 48 175 45 178 152 169 145 172 154 5 41 110 9 19 81 14 66 101 135 195 108 33 18 176 78 173 
data.094:
90 147 196 131 160 50 192 173 11 136 153 111 17 189 91 144 25 10 71 64 161 115 32 103 137 61 76 145 24 130 99 134 178 92 158 69 120 59 62 105 133 165 187 107 125 43 151 170 119 168 132 36 159 142 38 124 176 194 74 116 82 195 26 185 3 118 47 7 67 128 146 8 75 44 102 198 87 200 174 5 96 29 190 191 58 2 163 39 20 86 197 56 106 15 155 27 150 98 35 33 184 19 180 9 108 179 14 188 126 181 37 88 66 135 79 94 21 123 68 162 149 16 57 157 65 83 34 122 28 143 186 166 30 55 138 40 42 95 51 22 78 127 113 84 23 182 63 60 164 140 77 80 54 85 199 177 1 141 73 110 72 48 148 52 129 12 114 117 121 93 70 156 81 154 169 152 104 172 49 183 112 45 139 41 89 109 46 100 175 167 31 101 53 97 171 6 18 193 4 13 
data.095:
198 74 165 181 58 188 51 29 192 184 193 12 11 46 123 125 92 57 86 96 72 194 154 3 55 106 14 61 79 164 98 127 40 52 26 111 180 103 67 80 2 65 109 185 147 110 108 157 178 124 18 37 151 7 95 99 175 17 166 8 143 114 48 130 107 6 25 160 76 148 118 71 4 13 54 21 102 1 172 115 168 126 152 36 38 176 141 87 156 20 83 44 187 10 170 113 56 173 66 121 119 100 49 150 16 43 41 169 183 39 42 112 196 116 23 137 145 62 133 190 34 199 94 59 134 179 53 68 163 15 32 104 89 27 186 47 105 177 45 136 142 19 9 5 162 158 93 24 171 85 88 50 128 197 138 84 75 78 28 64 191 122 129 182 159 81 31 155 167 139 101 82 135 153 140 33 146 77 70 131 97 120 195 117 200 73 132 91 161 189 144 60 69 22 63 35 149 174 30 90 
data.096:
143 52 9 183 126 85 158 135 23 115 36 100 78 181 131 102 29 39 72 138 132 26 103 197 174 55 95 60 164 172 67 190 28 114 112 77 109 187 173 51 176 40 11 153 10 79 98 34 118 107 18 145 122 41 168 25 155 92 93 14 63 20 134 43 76 12 127 198 156 106 170 82 184 108 142 159 128 136 46 44 99 70 192 111 13 21 162 91 90 148 89 185 62 6 157 47 186 101 110 160 146 125 53 182 149 65 165 42 2 57 151 74 61 80 116 200 64 179 88 120 199 130 129 141 169 66 193 8 175 35 48 191 140 38 152 150 56 119 45 7 123 177 139 105 30 81 96 133 4 19 27 31 69 163 171 5 144 24 73 97 113 86 33 188 189 54 50 59 194 83 117 121 15 84 16 75 161 22 124 195 196 104 166 58 154 1 49 3 17 167 180 137 94 71 178 87 32 68 147 37 
data.097:
135 15 165 73 63 147 25 126 123 141 117 56 145 112 198 11 88 169 101 173 36 187 60 80 75 42 78 149 52 167 114 119 116 108 139 154 6 20 155 93 22 196 105 40 192 62 50 104 35 46 61 197 180 100 38 29 161 86 90 160 13 45 17 159 18 170 178 49 144 23 4 177 111 148 27 53 85 89 39 28 151 51 131 185 163 3 58 71 140 191 37 150 24 122 133 181 142 143 176 182 136 5 7 94 190 72 70 102 158 67 121 12 30 2 113 127 66 31 79 115 54 99 152 10 156 65 32 186 47 8 200 33 109 193 129 130 106 74 138 175 103 188 16 134 128 118 194 110 43 166 174 199 120 48 14 81 164 84 19 137 95 34 21 44 172 82 68 125 83 183 153 9 96 92 189 171 124 41 76 69 195 87 55 107 146 157 64 179 59 1 91 162 184 77 132 168 98 57 97 26 
data.098:
114 112 58 82 180 152 38 185 76 43 143 23 154 1 19 168 181 2 65 10 131 105 73 179 18 24 118 28 87 47 151 67 176 125 170 16 197 72 141 163 29 150 66 25 166 50 189 48 46 165 84 184 101 190 26 128 45 55 116 137 120 7 195 134 175 188 186 83 122 31 74 91 106 194 51 100 177 159 80 198 37 36 68 33 167 155 178 200 12 162 174 61 57 22 110 95 90 44 121 13 21 130 117 146 35 135 5 8 64 54 99 92 126 9 59 71 79 27 160 173 193 81 6 89 32 107 63 52 187 39 53 138 133 158 17 119 88 139 161 77 62 4 104 127 123 115 42 40 15 124 113 41 157 149 142 109 164 78 140 145 136 70 98 3 199 56 86 20 172 14 171 147 132 97 144 102 69 129 192 169 96 103 94 156 93 196 183 30 75 111 60 85 49 153 191 34 182 11 148 108 
data.099:
97 165 127 141 126 39 3 187 144 71 158 199 149 91 178 76 30 26 151 65 62 20 22 118 55 195 184 191 180 88 28 174 19 145 110 49 24 58 44 181 192 154 42 83 111 186 200 11 12 138 175 146 163 46 198 124 21 54 119 5 69 168 169 129 37 194 53 142 84 100 161 4 171 34 86 31 148 72 77 60 67 132 94 70 137 185 17 136 116 36 172 135 107 73 80 29 140 68 64 81 16 121 104 48 128 122 101 82 43 56 197 123 167 160 25 152 92 32 15 90 105 8 13 159 134 143 41 112 103 99 131 182 193 23 45 85 130 6 2 10 109 89 166 108 113 47 50 51 114 93 75 98 173 183 38 74 52 78 189 61 164 147 177 133 156 117 1 95 63 66 153 102 7 190 120 14 176 150 170 139 57 87 27 106 196 33 9 96 155 188 40 59 125 115 79 18 162 179 35 157 
data.100:
148 149 138 103 85 65 39 108 168 135 60 74 83 111 14 94 182 143 87 127 43 199 130 28 188 157 132 1 24 46 123 31 147 131 52 86 164 5 109 106 76 69 152 66 12 19 38 3 9 89 165 53 63 179 23 32 68 25 81 116 161 98 172 58 40 158 7 77 139 145 57 197 154 193 105 155 50 97 88 142 136 10 151 51 195 11 180 8 96 47 167 185 175 37 29 153 170 95 181 141 79 107 117 6 18 126 134 90 112 196 190 121 187 166 128 2 122 33 162 124 200 140 21 171 163 177 110 93 4 20 82 41 55 64 70 75 156 45 100 15 115 42 92 84 22 191 146 36 183 91 16 49 113 198 44 176 26 71 192 61 137 72 34 30 67 120 119 35 133 102 178 99 62 48 159 104 186 160 13 78 17 189 118 54 27 114 184 174 56 194 150 59 101 173 144 169 129 125 73 80 
data.101:
183 97 21 193 145 83 151 195 190 138 91 76 170 75 33 152 94 107 95 92 62 179 163 78 109 142 182 88 20 86 87 10 99 90 66 115 198 175 93 200 126 131 192 79 155 64 9 61 77 89 55 144 41 30 22 17 120 111 82 43 60 146 74 96 124 23 130 167 119 24 154 122 40 5 39 150 166 181 100 80 44 191 123 112 29 3 136 69 56 36 25 26 28 113 197 59 180 101 65 140 199 48 18 57 177 171 11 128 67 178 147 194 110 160 13 159 2 137 164 42 49 125 71 12 188 8 103 148 50 81 54 153 196 84 132 63 187 108 47 117 158 45 121 186 176 156 185 105 104 6 118 52 34 141 7 149 14 174 32 168 106 102 116 72 73 85 173 172 35 114 98 46 19 129 127 169 37 157 162 139 15 70 31 161 58 53 135 133 189 184 134 51 143 1 16 4 68 27 38 165 
data.102:
136 168 97 57 149 184 180 37 60 56 132 78 26 36 43 129 179 197 135 11 173 50 86 166 2 69 92 91 29 118 90 25 182 44 5 164 18 22 98 35 103 58 152 52 117 172 7 93 24 80 177 146 77 84 20 83 15 9 12 190 162 17 67 154 89 65 175 167 105 144 88 156 134 74 49 32 101 171 163 38 19 100 47 169 95 23 45 79 54 181 96 87 165 155 114 73 159 99 85 109 41 64 124 186 75 68 174 160 16 141 131 30 59 151 55 178 170 137 148 1 53 153 14 176 188 150 113 71 199 192 72 66 28 107 39 108 10 13 161 138 104 94 21 121 102 8 40 34 185 195 120 158 126 128 81 76 116 6 61 122 157 145 189 51 115 27 106 110 63 194 187 147 198 193 46 200 42 112 31 111 123 4 196 33 142 119 70 48 191 143 139 125 130 183 62 127 82 3 133 140 
data.103:
179 30 137 88 132 4 177 15 111 52 59 110 100 168 147 178 96 90 185 127 107 133 105 195 124 61 79 139 44 146 11 46 194 187 81 134 114 121 145 119 188 156 128 26 192 180 43 64 143 7 123 189 196 89 198 126 23 109 170 20 5 50 91 193 163 108 186 70 131 116 161 87 155 86 36 16 65 160 82 85 199 49 77 62 140 171 165 141 14 159 71 181 176 48 69 183 184 173 122 103 144 57 21 37 129 113 94 117 95 73 151 28 130 68 47 25 135 190 191 34 45 31 152 78 157 1 54 158 174 66 55 149 9 162 13 18 118 84 153 41 101 12 115 63 97 27 32 29 98 175 106 104 169 93 24 76 99 40 167 60 154 38 72 164 2 39 8 200 80 112 75 182 42 3 83 92 197 58 138 51 150 102 136 56 172 67 17 74 148 53 22 10 166 19 125 33 120 35 6 142 
data.104:
66 78 168 43 16 111 109 33 47 136 8 49 77 138 165 73 6 21 84 137 191 20 152 57 45 177 160 36 120 55 71 26 98 14 23 87 18 147 41 96 3 19 194 104 175 68 125 88 110 99 82 123 85 24 114 139 199 30 155 162 42 105 97 27 39 132 101 173 166 7 183 17 103 37 133 2 154 40 197 164 115 92 69 158 156 44 126 130 146 179 163 15 184 145 190 150 54 112 100 182 61 172 74 52 91 171 149 59 174 129 153 67 142 135 198 107 189 48 70 196 167 118 51 31 75 185 62 22 11 86 63 192 80 124 193 200 128 143 81 56 58 76 12 170 64 176 144 148 35 38 13 102 53 134 108 28 46 93 116 195 151 25 29 131 181 95 32 119 90 83 141 187 140 10 79 159 122 1 72 157 5 89 106 169 117 186 65 161 50 121 127 4 188 34 9 113 60 94 178 180 
data.105:
112 70 27 128 193 86 45 83 5 162 185 6 95 158 134 175 105 171 107 24 50 31 137 199 148 26 98 163 195 156 159 85 169 33 11 93 76 176 56 97 40 23 30 29 173 99 138 77 100 101 160 153 1 121 102 19 149 3 37 165 8 141 53 191 22 46 187 133 174 9 110 178 7 17 74 186 71 66 41 122 103 150 75 63 180 131 67 72 194 157 130 132 154 135 92 118 94 181 55 69 80 119 44 54 4 144 21 73 172 192 14 48 167 43 147 142 196 82 125 145 96 47 34 84 15 155 139 91 126 28 200 115 36 106 182 166 190 151 61 168 18 32 117 123 58 20 170 38 57 12 183 114 146 88 25 13 35 198 113 90 161 188 64 60 111 52 10 89 143 68 2 87 42 184 164 120 152 179 59 78 124 136 108 116 140 109 79 189 197 51 62 104 177 65 129 16 39 49 127 81 
data.106:
98 152 78 121 142 160 145 101 195 60 92 44 158 42 157 75 27 190 84 88 180 53 96 139 198 93 182 90 54 72 117 128 151 39 64 104 191 97 1 126 32 34 33 192 35 95 134 82 175 81 16 109 123 29 76 9 45 12 140 99 103 80 37 162 122 4 141 22 164 181 110 137 77 21 49 71 89 15 196 200 171 107 14 74 170 38 67 2 79 172 118 154 115 50 108 58 131 43 18 86 59 19 169 197 167 23 185 41 106 65 26 47 130 177 51 189 7 149 156 13 179 24 144 69 135 36 173 159 48 163 66 168 188 56 143 127 70 28 129 100 153 184 165 46 150 176 91 73 85 133 68 3 114 63 136 113 119 105 138 174 125 161 146 52 120 8 30 87 199 25 116 166 83 147 57 111 183 124 178 132 31 5 10 193 40 112 61 94 194 20 186 17 11 102 55 148 62 6 155 187 
data.107:
28 168 137 116 199 30 200 175 10 124 29 86 189 132 146 46 131 115 140 117 98 45 192 9 164 23 163 68 3 65 161 109 138 104 147 63 64 22 70 27 179 159 110 119 156 149 101 134 16 35 113 162 47 72 89 143 77 87 59 40 67 102 188 154 44 76 153 174 50 130 141 170 196 21 152 80 190 111 11 142 14 184 193 32 166 7 78 75 85 105 90 42 43 18 38 37 56 100 41 125 167 171 169 123 33 114 52 136 51 187 15 198 173 1 4 82 121 157 106 178 183 133 126 39 58 185 148 57 5 95 71 186 36 20 191 12 127 150 122 79 129 74 145 84 177 195 94 61 25 24 158 172 97 17 118 13 144 8 112 92 60 151 160 180 83 88 81 53 62 73 194 139 91 181 107 69 93 155 103 176 55 49 120 48 31 66 54 19 108 96 128 165 182 6 99 34 197 2 135 26 
data.108:
16 196 192 119 61 10 11 152 52 115 136 104 199 27 29 69 143 39 22 150 54 76 67 200 36 30 126 90 31 6 105 106 146 48 25 51 112 198 194 168 95 111 64 28 44 66 94 14 73 63 35 157 172 191 53 197 38 91 164 137 176 74 178 47 155 93 68 62 9 5 20 108 123 184 124 45 130 37 24 55 154 170 102 23 7 58 21 162 182 151 122 133 98 187 139 96 110 8 82 167 17 179 42 120 153 113 43 116 89 86 103 18 147 129 60 40 49 135 140 161 169 177 149 92 99 46 159 75 117 131 59 3 85 87 171 101 188 107 13 12 174 142 100 15 193 83 56 70 166 163 186 26 189 141 160 158 32 41 195 181 80 138 185 34 125 114 77 72 88 4 144 78 183 127 50 79 132 175 81 190 180 134 1 165 2 33 148 118 57 84 173 19 121 128 71 109 65 156 97 145 
data.109:
113 10 190 166 84 37 151 153 25 100 199 55 197 70 22 116 130 74 17 121 67 101 78 29 14 117 89 145 72 30 23 136 192 144 32 154 111 160 94 51 64 91 83 132 36 103 146 131 80 123 6 175 21 79 28 105 140 45 147 134 26 86 170 161 96 185 106 189 163 61 57 7 16 68 124 122 73 168 77 76 43 158 38 88 177 19 65 102 141 155 156 31 34 46 183 87 48 149 53 196 69 178 81 120 184 95 137 5 39 148 107 186 193 181 191 176 157 75 167 62 169 187 44 162 4 198 109 135 138 125 97 194 93 41 112 50 126 110 179 40 118 85 27 63 115 35 133 139 128 18 60 54 42 127 9 33 12 47 58 104 182 200 171 152 52 56 150 82 15 188 174 114 90 20 13 49 143 2 142 172 195 108 119 92 173 164 11 71 159 59 99 129 66 98 24 3 1 165 180 8 
data.110:
131 47 70 141 132 100 196 15 12 103 121 21 189 84 14 50 7 161 120 127 151 55 94 191 177 159 169 59 162 68 9 199 76 104 10 8 13 133 64 35 34 83 113 86 65 163 18 108 4 153 178 144 114 93 32 1 45 155 67 124 77 72 188 31 43 166 186 98 88 29 167 157 48 194 19 180 38 154 122 183 160 200 158 97 128 3 130 60 81 197 198 187 185 102 107 73 149 145 44 74 150 195 125 111 40 179 109 139 28 82 79 96 54 190 91 119 51 85 89 117 147 80 171 99 37 101 63 146 192 181 182 173 41 123 78 39 184 2 175 33 25 170 156 30 17 90 135 92 36 56 129 105 24 49 118 61 75 27 26 137 142 69 143 115 87 5 66 42 46 148 112 172 58 152 136 164 176 53 62 126 11 57 20 193 23 138 116 16 110 52 106 134 168 22 140 95 71 165 6 174 
data.111:
112 321 215 244 228 485 216 128 315 295 53 16 350 379 158 88 116 287 32 468 94 183 364 452 72 469 204 407 282 55 400 331 273 181 263 242 491 312 399 58 307 393 67 5 62 431 160 424 231 24 184 39 113 325 369 233 54 49 327 42 440 119 382 447 91 335 171 451 317 268 83 126 198 257 340 145 43 45 392 293 304 133 189 162 61 26 103 135 40 323 411 47 18 495 390 156 238 481 192 450 459 338 408 225 256 70 322 324 115 347 2 227 79 443 144 341 497 33 232 314 455 174 489 75 261 423 140 374 19 442 14 456 205 125 302 259 9 388 13 151 63 226 155 430 266 305 401 291 10 159 193 444 139 445 170 267 264 316 246 398 372 99 122 120 461 124 15 436 368 439 496 361 434 482 29 288 109 167 214 234 163 208 182 308 365 153 349 344 292 476 346 21 332 425 154 143 114 475 473 432 328 127 23 121 22 190 318 472 380 403 490 391 345 426 354 385 270 213 429 286 4 284 104 60 255 498 343 298 38 306 413 197 134 27 384 212 470 44 161 416 230 377 274 406 92 239 48 477 240 487 222 152 148 383 378 433 435 86 493 449 172 76 209 269 299 97 87 169 499 381 248 376 80 221 96 296 441 224 117 52 360 479 419 131 337 278 474 453 136 110 93 73 25 252 200 50 77 17 199 129 59 412 333 78 68 7 260 90 102 186 362 446 149 488 250 107 243 217 395 329 319 418 396 35 105 394 211 236 356 311 486 353 313 290 175 31 57 164 235 34 247 219 397 303 458 20 371 69 402 375 106 1 373 460 218 28 386 492 100 210 245 283 207 285 466 201 180 56 165 89 275 410 310 339 457 173 65 281 37 157 309 494 229 194 366 98 500 177 66 36 409 271 358 6 74 480 111 258 351 478 265 277 326 179 166 81 279 414 41 465 64 253 195 301 11 176 334 438 206 178 142 8 355 46 404 363 387 297 289 370 132 51 415 254 484 421 272 146 141 367 249 276 220 203 342 454 118 85 202 3 420 82 150 359 448 137 280 241 251 123 483 405 187 348 464 30 320 294 138 471 130 196 336 188 428 147 71 101 437 12 417 467 95 330 262 108 357 168 352 427 462 389 463 191 84 237 422 185 223 300 
data.112:
171 279 127 244 47 184 442 318 472 143 307 466 224 473 32 378 481 498 338 193 26 20 446 36 162 271 169 348 316 50 261 362 444 48 351 254 253 431 493 230 256 289 57 153 432 150 488 51 19 186 252 333 120 423 232 420 172 452 270 179 197 97 364 314 332 280 475 313 88 388 401 365 84 412 322 404 287 213 159 75 237 293 309 123 34 102 454 399 76 282 161 168 409 18 160 376 178 350 430 134 113 38 464 202 257 269 148 138 343 180 140 164 395 306 55 177 218 355 101 258 24 90 45 492 39 435 149 302 82 62 181 69 214 248 438 133 451 207 231 265 415 358 83 247 194 421 341 390 277 204 27 65 251 392 457 490 461 386 398 46 410 77 487 166 125 471 354 145 375 276 61 262 416 300 174 35 227 196 291 274 238 288 357 221 360 363 121 407 346 448 106 326 483 327 43 135 203 111 411 450 29 80 116 173 352 445 301 146 381 440 418 449 126 49 60 422 122 463 176 284 103 286 210 89 500 190 499 117 311 408 206 192 496 31 315 405 12 81 8 268 427 340 403 9 7 198 132 66 87 108 241 222 223 151 337 439 215 4 310 273 468 299 54 144 486 377 245 443 484 495 428 441 107 320 323 21 220 459 370 114 6 479 433 211 434 353 64 17 394 2 334 228 250 199 455 275 453 95 212 297 71 497 424 437 480 42 474 391 139 272 91 349 335 281 397 187 303 1 167 165 456 477 298 25 263 188 331 402 96 130 105 73 52 131 467 100 396 380 285 304 10 470 14 371 233 92 417 15 400 347 383 158 385 59 345 359 425 295 255 170 115 234 319 264 393 283 41 485 308 189 124 112 344 216 339 182 462 236 336 260 152 85 356 290 249 321 217 70 278 426 489 94 5 369 183 98 219 147 53 328 118 74 368 229 342 191 209 389 325 157 195 329 379 239 110 37 361 200 79 429 436 296 201 128 93 104 137 384 465 119 382 225 476 266 67 366 185 491 374 413 330 13 324 478 294 163 246 226 33 68 142 3 317 494 240 72 156 22 469 259 136 23 154 460 373 267 58 56 292 129 243 372 447 305 99 155 367 16 86 414 387 78 406 458 40 242 312 44 208 235 30 175 205 109 141 28 482 11 419 63 
data.113:
77 329 89 431 459 66 423 479 31 274 210 44 41 466 127 112 292 151 253 387 71 263 361 419 46 389 362 247 72 93 259 360 445 261 28 295 488 164 90 136 424 208 368 162 284 163 378 337 233 32 365 21 288 211 209 473 145 290 396 64 91 260 451 235 55 11 192 2 186 81 494 296 437 87 375 117 300 170 441 238 303 323 425 49 27 297 304 293 490 123 496 207 380 244 237 305 269 51 401 442 289 155 185 395 281 373 193 159 421 287 38 316 85 196 467 482 232 30 391 308 344 56 63 22 315 48 364 251 313 398 384 312 222 167 457 285 106 428 5 153 171 116 86 410 347 52 122 60 388 248 483 497 197 486 460 310 379 175 217 454 492 282 69 317 343 339 456 351 133 74 449 84 464 268 111 435 205 355 340 400 160 99 491 377 333 96 286 16 480 349 95 275 3 37 83 272 144 138 212 100 448 131 76 124 242 227 181 369 434 258 402 189 241 374 367 354 254 385 474 168 228 252 223 404 184 204 356 427 321 392 126 493 108 19 177 478 154 187 366 135 443 498 291 139 188 4 75 150 26 433 215 141 413 267 249 429 500 338 327 152 33 345 59 45 386 199 331 8 42 130 142 203 10 436 14 174 403 125 102 318 79 372 229 7 264 225 176 336 29 17 82 334 414 65 487 420 200 430 314 115 62 307 332 134 358 270 335 173 471 226 370 180 499 165 412 149 67 326 80 39 36 156 9 265 147 34 54 88 458 394 309 280 371 119 178 182 121 161 324 97 137 328 220 302 107 129 452 294 299 330 157 191 453 266 446 218 406 325 53 202 472 194 239 73 132 103 390 118 359 61 409 110 405 113 70 485 109 224 92 276 40 495 206 341 455 279 179 50 342 23 470 271 25 408 20 240 481 320 283 35 469 393 432 462 463 1 243 195 234 450 484 78 422 114 397 140 346 105 278 417 120 250 376 58 273 47 381 18 221 465 256 246 399 348 476 382 477 172 98 444 415 306 298 319 489 219 128 301 146 262 416 213 468 438 322 43 411 183 231 353 148 357 245 15 169 216 198 311 104 214 24 166 447 439 236 12 68 94 230 461 383 352 426 440 143 13 57 6 158 257 350 201 418 363 277 190 407 101 255 475 
data.114:
5 442 46 437 198 240 413 139 402 133 480 363 270 461 117 61 103 132 1 414 373 325 151 426 479 467 286 22 31 259 126 268 491 293 194 481 190 434 90 51 114 335 289 344 406 383 163 419 433 364 361 446 89 359 468 403 420 392 42 495 412 64 206 11 120 458 26 174 398 85 440 500 17 74 145 342 93 38 19 27 443 273 276 148 41 78 278 388 150 115 231 296 8 265 40 283 166 263 154 226 191 35 295 118 452 183 3 113 489 372 30 309 302 39 427 279 73 336 376 127 471 98 473 95 258 220 7 411 312 300 157 223 124 428 456 158 272 199 147 44 297 193 379 301 58 252 285 238 280 110 82 185 454 165 203 384 49 331 315 4 84 200 128 357 21 182 333 34 459 184 334 57 277 432 348 431 171 197 106 389 298 267 324 83 192 254 386 87 391 28 214 410 249 317 322 451 137 496 97 366 438 350 475 371 355 423 179 14 415 375 282 274 91 484 32 60 429 175 71 444 48 245 329 109 149 122 246 211 88 356 354 186 264 347 409 466 470 15 396 275 125 53 328 62 353 142 327 358 213 131 351 314 77 405 241 381 216 464 482 448 212 10 111 441 445 271 253 140 418 294 227 490 195 99 292 159 156 435 380 116 307 424 210 135 225 323 224 235 222 146 321 107 52 365 394 261 72 168 498 313 143 20 416 478 112 75 162 367 86 188 330 349 492 161 178 176 306 153 181 352 368 13 308 447 219 485 94 155 417 497 205 487 408 362 316 439 233 37 404 169 248 9 172 66 469 54 251 457 374 390 343 55 320 134 92 70 395 189 304 67 453 266 465 236 462 217 173 215 102 167 369 332 138 247 160 430 108 63 43 180 378 79 96 152 425 170 455 36 16 204 250 56 288 18 119 256 338 12 2 290 257 237 326 488 450 218 310 486 105 281 201 494 202 305 474 69 187 499 436 234 284 449 472 460 130 33 255 141 177 230 421 129 340 45 341 81 483 229 337 123 232 260 24 25 477 262 303 242 208 476 76 377 311 397 393 400 244 463 100 387 299 29 144 80 196 6 360 121 401 382 59 221 47 269 65 407 319 422 104 346 23 339 164 287 370 136 318 209 493 50 101 399 228 243 68 239 207 385 291 345 
data.115:
116 299 433 226 274 313 240 137 57 177 81 43 390 334 17 424 84 375 305 31 496 32 480 355 333 118 283 281 448 429 126 347 399 1 249 411 402 243 379 440 112 273 190 449 71 409 500 23 391 213 475 63 254 42 369 114 259 427 214 256 247 265 343 341 102 231 100 66 133 483 342 489 428 271 242 444 223 360 326 172 464 349 157 317 482 309 3 18 246 289 303 139 340 294 153 244 176 233 205 430 393 474 406 136 197 91 298 412 8 266 124 285 198 330 36 107 235 288 316 344 207 260 151 4 308 322 236 420 121 46 270 395 85 321 89 361 372 371 365 2 145 398 325 39 143 82 147 467 331 20 382 357 140 472 33 458 432 415 6 469 413 423 481 93 272 328 478 466 476 295 403 304 491 468 407 193 11 165 183 120 323 86 41 370 166 64 255 287 103 13 306 130 215 388 400 225 366 5 59 268 291 144 447 108 95 417 188 484 62 191 292 311 499 434 438 186 350 251 237 49 336 105 90 77 261 182 460 408 284 387 445 374 40 127 203 99 345 362 383 111 425 211 267 278 192 396 187 72 202 352 171 210 310 443 346 94 280 250 446 14 12 253 50 28 73 150 320 276 29 78 131 106 217 296 227 452 161 30 497 473 286 134 384 492 348 7 386 104 110 392 80 51 67 477 435 431 119 354 70 495 195 34 315 44 178 138 26 241 141 98 439 219 238 174 180 381 248 416 404 297 222 465 324 454 329 337 359 122 199 37 163 159 463 75 74 167 22 385 327 461 208 129 58 168 27 318 61 368 68 97 155 485 332 353 156 277 54 115 179 486 113 488 459 419 35 378 69 206 185 154 132 418 490 181 262 47 300 314 142 414 245 123 470 263 335 498 451 479 189 455 456 216 441 367 101 220 170 19 293 55 173 363 356 282 79 257 364 128 212 442 494 196 258 96 426 232 21 56 87 160 148 38 164 239 48 221 410 209 16 229 302 358 218 339 436 301 394 135 200 24 117 338 376 437 25 158 471 422 109 10 269 175 224 53 9 162 76 389 453 319 377 457 380 88 204 290 228 373 201 83 450 401 487 234 92 194 405 152 52 279 252 264 184 45 307 125 275 60 421 230 65 351 493 149 169 312 462 146 397 15 
data.116:
357 424 283 229 476 490 203 84 395 241 63 149 369 80 177 495 346 91 154 176 28 89 12 196 277 285 340 296 117 13 108 172 133 468 447 491 482 193 14 451 24 416 111 94 26 445 207 312 367 259 368 443 225 489 156 448 484 234 37 400 18 405 288 325 148 188 16 316 247 464 388 396 358 274 78 258 457 25 459 319 169 168 294 17 43 174 301 471 41 140 75 178 77 465 330 62 295 51 98 469 109 116 356 46 402 377 348 131 268 483 240 213 287 83 134 2 321 263 137 92 110 500 30 118 218 487 470 327 40 210 366 300 119 381 61 182 38 163 123 326 233 23 143 100 7 31 412 291 472 197 183 333 307 365 282 45 306 413 446 150 161 208 104 20 220 222 315 29 142 257 47 253 44 317 186 361 231 342 216 404 417 204 497 313 95 39 297 72 152 262 423 86 235 138 467 353 362 344 230 261 243 147 351 144 205 335 387 498 478 9 355 439 281 363 130 175 171 170 103 107 33 212 85 359 206 209 4 99 59 8 415 320 200 194 352 19 314 441 331 11 112 370 304 22 232 214 190 460 475 250 121 184 27 496 248 420 60 55 278 302 372 305 173 195 6 486 374 126 139 42 433 21 122 97 318 251 339 202 56 309 242 58 308 157 426 256 440 411 79 289 401 159 480 73 191 280 36 286 252 386 160 236 35 442 1 69 350 245 382 227 106 96 406 434 432 425 179 115 185 65 217 127 50 494 392 167 485 244 454 452 275 249 135 407 473 450 390 3 102 431 128 66 322 418 334 341 52 293 10 76 385 383 239 474 181 336 198 421 477 49 81 488 338 15 337 430 228 391 284 409 414 360 379 438 246 328 462 323 481 105 271 88 435 311 419 192 345 219 87 129 74 124 151 373 371 466 164 166 455 343 187 90 354 113 267 492 266 145 378 449 397 422 292 53 394 146 48 238 456 34 189 453 269 272 499 410 114 67 299 260 215 201 255 120 82 132 408 332 349 290 199 93 64 403 237 136 436 68 180 479 398 493 226 54 376 165 32 265 221 71 270 444 329 303 5 57 276 364 310 380 298 463 223 437 384 458 153 101 125 393 273 224 347 427 324 70 211 429 155 279 141 389 158 264 428 254 461 375 162 399 
data.117:
278 324 472 244 464 251 456 252 112 320 213 219 355 257 242 210 18 422 444 500 313 116 145 289 396 194 237 93 407 22 295 3 344 416 138 345 312 310 11 168 115 287 228 330 8 390 140 187 105 62 438 350 7 185 203 326 141 415 352 360 447 299 85 5 273 493 113 178 241 212 119 17 216 89 337 57 384 182 217 473 162 173 263 261 107 290 136 174 236 398 151 292 260 103 325 177 2 321 369 13 45 431 98 276 343 356 4 95 225 434 223 365 266 491 102 420 406 97 69 385 382 171 117 388 421 68 397 436 282 161 128 94 285 391 265 196 264 114 335 31 380 142 249 277 48 486 232 133 71 401 347 322 445 253 82 39 331 441 475 351 451 482 25 157 303 346 155 20 403 127 483 298 206 332 470 353 376 307 36 349 144 476 233 26 153 459 328 132 417 379 224 209 358 254 293 104 191 111 106 316 454 336 54 425 395 88 270 43 340 371 243 44 172 412 118 490 419 42 23 377 92 229 165 300 184 61 471 47 160 378 188 152 179 437 21 423 146 248 318 269 70 432 64 319 443 40 368 83 426 222 448 137 492 381 495 283 27 279 467 76 494 192 86 77 280 408 430 189 14 487 455 362 372 197 239 99 309 109 52 452 38 24 411 51 429 488 169 9 181 50 370 291 79 46 201 134 387 281 170 489 288 383 215 139 166 75 55 499 327 120 364 245 342 424 10 399 208 361 478 1 16 308 74 235 359 100 110 126 414 183 221 231 130 457 428 367 108 402 65 255 461 485 58 29 311 460 238 12 286 200 480 124 148 87 81 66 129 301 317 272 304 400 404 125 314 338 435 386 409 240 180 30 56 442 274 246 268 90 15 302 227 198 175 158 226 49 34 466 154 193 477 341 247 413 363 393 498 72 19 159 101 218 32 147 474 392 294 262 67 271 463 186 220 211 214 37 91 143 329 439 41 164 389 275 373 427 267 357 204 131 59 468 465 234 449 35 28 354 121 258 53 256 150 296 374 122 297 167 394 190 250 440 339 323 481 199 458 453 207 78 375 484 450 202 497 315 195 284 149 259 80 63 418 33 163 334 405 462 446 205 6 156 433 73 333 123 306 305 348 176 366 60 230 410 479 135 469 96 84 496 
data.118:
6 35 478 491 437 46 382 432 420 121 304 268 85 402 385 453 372 351 409 103 191 313 447 230 170 248 397 220 321 84 37 416 337 138 495 285 429 312 462 218 129 334 374 38 322 263 403 189 177 228 377 113 426 54 336 257 206 494 253 290 225 456 421 240 283 424 27 116 145 14 272 55 156 199 23 39 418 247 241 52 118 194 146 292 438 252 143 448 89 13 264 192 227 380 341 423 94 493 496 238 320 201 442 15 332 42 291 460 166 107 72 49 461 198 281 149 355 73 26 454 67 309 195 152 184 98 243 17 204 399 339 391 485 159 401 254 222 92 482 282 306 277 450 207 244 215 69 246 475 11 367 466 412 136 213 109 203 196 56 45 451 384 317 340 24 441 457 371 488 358 193 83 352 278 414 379 316 470 99 261 464 86 130 256 169 93 273 422 287 275 70 127 428 343 463 224 406 172 160 408 150 314 29 265 114 78 458 28 335 161 479 40 484 378 468 411 375 296 237 390 181 88 2 276 300 431 232 498 214 323 223 319 210 139 111 376 363 315 108 490 235 347 95 434 212 249 163 299 471 301 483 57 258 32 7 234 187 59 68 51 387 361 427 308 259 362 274 173 392 500 452 77 186 112 439 43 260 410 188 10 445 137 157 349 288 255 381 342 338 425 325 90 370 50 305 197 87 208 353 9 326 100 132 477 269 417 373 19 209 20 467 499 61 415 328 123 346 413 81 329 153 307 386 171 36 473 389 472 202 200 30 245 449 360 124 3 395 119 266 125 369 359 310 345 97 128 115 1 368 117 405 476 404 74 295 155 158 271 388 279 436 147 176 267 284 469 487 31 294 231 151 481 364 480 175 179 383 21 5 190 216 140 280 41 444 144 18 162 298 433 333 91 25 47 348 497 443 486 82 62 327 398 297 430 474 110 440 141 44 80 34 12 396 168 79 229 63 394 331 96 60 357 233 167 106 217 154 182 22 492 165 180 58 211 133 419 183 236 455 219 251 104 174 205 33 66 435 446 289 142 407 148 101 226 318 250 303 75 131 126 302 221 393 293 122 354 64 135 8 356 489 105 71 350 459 262 134 239 178 16 400 48 76 465 365 65 344 120 311 53 4 102 286 242 366 330 164 270 185 324 
data.119:
252 285 316 355 144 330 371 232 113 378 409 364 250 340 356 104 385 424 245 120 405 260 335 175 163 431 363 267 17 40 277 189 215 500 380 211 357 344 274 200 182 79 483 118 444 63 374 229 15 350 134 30 359 395 119 77 473 261 220 307 111 408 227 7 25 249 351 36 43 442 49 320 135 447 166 428 121 12 270 224 106 18 368 201 129 475 162 178 392 112 13 57 92 110 241 458 86 377 314 481 206 354 397 147 404 56 280 127 407 141 196 142 454 156 461 467 28 282 291 437 64 39 327 419 418 338 105 426 383 139 322 8 177 71 493 255 230 265 199 74 176 27 411 187 361 236 343 51 287 427 445 223 319 362 283 32 58 101 253 339 382 146 288 470 258 263 286 149 312 336 145 256 384 399 415 244 348 326 278 472 38 262 449 345 305 281 130 46 191 164 237 453 406 352 143 148 21 423 369 91 323 212 309 308 279 83 425 214 367 213 183 289 448 153 171 198 190 462 257 204 67 44 334 31 342 490 167 373 14 53 193 108 477 349 304 66 488 95 99 463 205 22 381 61 435 76 301 73 188 489 247 297 2 161 429 465 455 125 221 248 11 403 365 9 246 192 264 496 107 464 81 173 226 184 443 72 413 310 26 228 414 498 16 485 33 23 97 379 159 313 410 331 78 100 240 446 70 54 48 243 155 4 140 353 294 497 37 42 124 85 303 360 5 68 170 317 433 174 185 158 272 235 499 333 219 217 233 346 137 209 468 391 242 168 62 152 298 80 75 284 218 370 41 136 299 225 376 396 459 275 456 341 194 88 90 34 251 271 208 450 276 19 398 138 482 401 69 393 394 238 332 421 337 329 466 169 269 266 6 98 128 302 358 434 133 484 35 432 186 89 387 82 386 202 318 487 293 296 306 375 417 52 94 495 460 160 273 441 471 102 328 268 457 109 114 451 311 295 84 478 389 416 131 436 239 207 55 474 24 116 476 315 132 234 117 126 151 10 59 122 216 45 422 491 197 438 486 180 103 492 254 3 154 50 172 347 165 179 1 195 469 439 123 292 400 290 430 390 321 480 87 157 29 150 222 412 479 420 96 402 93 452 20 300 494 203 366 372 325 210 440 324 115 388 231 60 47 181 259 65 
data.120:
152 241 25 424 309 245 225 272 452 266 84 226 115 200 38 85 412 47 421 493 396 160 357 158 339 107 316 44 346 447 488 50 287 297 398 150 211 127 262 183 431 16 129 257 9 479 370 32 406 274 12 366 485 186 191 377 376 51 54 24 426 360 246 240 486 215 134 263 277 248 5 397 137 321 120 387 259 43 323 394 224 283 171 365 109 13 363 92 410 268 214 386 405 342 453 146 73 91 466 19 17 71 168 456 500 371 296 202 330 441 292 86 34 72 201 459 41 326 306 313 375 169 436 136 155 1 219 114 213 317 111 392 417 187 135 440 242 445 130 176 315 244 113 411 332 251 189 399 462 454 476 423 379 221 193 364 164 122 37 100 94 11 473 301 355 372 230 4 472 188 369 61 148 207 304 142 270 210 40 311 294 278 66 464 48 199 149 96 131 390 204 227 273 196 104 181 140 469 429 329 435 388 29 345 284 228 344 170 138 328 420 470 220 389 465 450 252 7 498 81 125 87 395 455 374 159 74 288 446 166 192 22 353 190 380 206 302 217 172 143 393 249 75 333 322 402 65 271 415 428 180 20 275 45 177 124 28 157 325 153 46 482 404 438 285 95 56 416 367 381 434 349 39 361 347 407 49 6 58 197 413 63 335 194 233 384 175 77 451 203 35 496 123 2 179 348 36 102 327 247 231 490 341 418 31 356 383 59 21 116 497 218 258 165 67 269 212 98 10 83 126 290 42 286 368 144 448 141 422 314 495 173 108 52 282 253 88 280 178 55 324 70 391 154 76 307 276 279 408 289 265 128 198 255 57 477 237 101 312 403 457 256 209 382 90 223 27 236 23 147 373 463 334 354 195 243 167 427 461 78 300 117 350 132 401 499 400 359 174 162 3 409 30 319 238 358 474 14 235 437 281 471 33 458 250 362 343 295 484 299 432 483 232 298 119 385 444 185 254 234 97 318 80 475 99 156 331 430 494 205 449 442 340 425 293 82 69 163 112 481 89 267 161 110 8 79 336 64 222 93 478 320 145 337 216 443 260 118 491 53 139 492 419 60 351 305 487 261 467 151 308 352 239 106 303 264 480 310 133 103 182 378 18 229 433 121 468 105 184 414 62 15 460 208 489 68 338 26 291 439 
